1 1 0.00192816
1 2 0.00264115
1 3 0.00334041
1 4 0.00402242
1 5 0.00468386
1 6 0.00532164
1 7 0.00593289
1 8 0.00651503
1 9 0.00706573
1 10 0.00758298
1 11 0.00806501
1 12 0.00851035
1 13 0.00891781
1 14 0.00928642
1 15 0.00961547
1 16 0.00990444
1 17 0.010153
1 18 0.010361
1 19 0.0105285
1 20 0.0106555
1 21 0.0107423
1 22 0.010789
1 23 0.0107962
1 24 0.0107641
1 25 0.0106933
1 26 0.0105843
1 27 0.0104376
1 28 0.0102538
1 29 0.0100337
1 30 0.00977789
1 31 0.00948726
1 32 0.00916271
1 33 0.00880525
1 34 0.00841601
1 35 0.00799622
1 36 0.00754727
1 37 0.00707066
1 38 0.00656803
1 39 0.00604117

2 1 0.00383657
2 2 0.00525525
2 3 0.00664659
2 4 0.00800363
2 5 0.00931974
2 6 0.0105888
2 7 0.011805
2 8 0.0129633
2 9 0.0140591
2 10 0.0150883
2 11 0.0160474
2 12 0.0169335
2 13 0.0177443
2 14 0.0184777
2 15 0.0191324
2 16 0.0197074
2 17 0.020202
2 18 0.020616
2 19 0.0209492
2 20 0.0212019
2 21 0.0213745
2 22 0.0214675
2 23 0.0214818
2 24 0.021418
2 25 0.0212771
2 26 0.0210602
2 27 0.0207683
2 28 0.0204026
2 29 0.0199646
2 30 0.0194556
2 31 0.0188773
2 32 0.0182316
2 33 0.0175203
2 34 0.0167458
2 35 0.0159105
2 36 0.0150172
2 37 0.0140689
2 38 0.0130688
2 39 0.0120204

3 1 0.00570596
3 2 0.00781588
3 3 0.00988517
3 4 0.0119034
3 5 0.0138608
3 6 0.0157482
3 7 0.017557
3 8 0.0192797
3 9 0.0209094
3 10 0.0224401
3 11 0.0238665
3 12 0.0251844
3 13 0.0263902
3 14 0.027481
3 15 0.0284548
3 16 0.0293099
3 17 0.0300455
3 18 0.0306611
3 19 0.0311567
3 20 0.0315325
3 21 0.0317892
3 22 0.0319276
3 23 0.0319488
3 24 0.0318539
3 25 0.0316444
3 26 0.0313218
3 27 0.0308877
3 28 0.0303439
3 29 0.0296924
3 30 0.0289354
3 31 0.0280753
3 32 0.0271149
3 33 0.0260571
3 34 0.0249052
3 35 0.023663
3 36 0.0223344
3 37 0.020924
3 38 0.0194366
3 39 0.0178774

4 1 0.00751796
4 2 0.0102979
4 3 0.0130243
4 4 0.0156835
4 5 0.0182625
4 6 0.0207492
4 7 0.0231325
4 8 0.0254023
4 9 0.0275495
4 10 0.0295662
4 11 0.0314457
4 12 0.0331821
4 13 0.0347707
4 14 0.036208
4 15 0.0374909
4 16 0.0386176
4 17 0.0395869
4 18 0.040398
4 19 0.0410509
4 20 0.0415461
4 21 0.0418843
4 22 0.0420666
4 23 0.0420945
4 24 0.0419696
4 25 0.0416935
4 26 0.0412684
4 27 0.0406964
4 28 0.0399799
4 29 0.0391216
4 30 0.0381242
4 31 0.036991
4 32 0.0357256
4 33 0.0343319
4 34 0.0328142
4 35 0.0311775
4 36 0.029427
4 37 0.0275687
4 38 0.0256089
4 39 0.0235546

5 1 0.00925558
5 2 0.0126781
5 3 0.0160346
5 4 0.0193084
5 5 0.0224835
5 6 0.0255449
5 7 0.0284791
5 8 0.0312734
5 9 0.0339169
5 10 0.0363998
5 11 0.0387137
5 12 0.0408514
5 13 0.0428073
5 14 0.0445767
5 15 0.0461561
5 16 0.0475433
5 17 0.0487365
5 18 0.0497351
5 19 0.0505389
5 20 0.0511485
5 21 0.0515649
5 22 0.0517894
5 23 0.0518238
5 24 0.0516699
5 25 0.0513301
5 26 0.0508067
5 27 0.0501025
5 28 0.0492204
5 29 0.0481637
5 30 0.0469358
5 31 0.0455407
5 32 0.0439828
5 33 0.0422669
5 34 0.0403985
5 35 0.0383834
5 36 0.0362284
5 37 0.0339406
5 38 0.0315278
5 39 0.0289988

6 1 0.0109035
6 2 0.0149354
6 3 0.0188895
6 4 0.0227462
6 5 0.0264866
6 6 0.0300931
6 7 0.0335497
6 8 0.0368416
6 9 0.0399557
6 10 0.0428807
6 11 0.0456065
6 12 0.0481248
6 13 0.0504289
6 14 0.0525134
6 15 0.0543741
6 16 0.0560082
6 17 0.0574138
6 18 0.0585902
6 19 0.0595372
6 20 0.0602553
6 21 0.0607458
6 22 0.0610103
6 23 0.0610508
6 24 0.0608695
6 25 0.0604692
6 26 0.0598526
6 27 0.0590231
6 28 0.0579839
6 29 0.056739
6 30 0.0552925
6 31 0.053649
6 32 0.0518137
6 33 0.0497924
6 34 0.0475913
6 35 0.0452174
6 36 0.0426787
6 37 0.0399835
6 38 0.0371412
6 39 0.0341619

7 1 0.0124484
7 2 0.0170515
7 3 0.021566
7 4 0.0259691
7 5 0.0302394
7 6 0.034357
7 7 0.0383033
7 8 0.0420616
7 9 0.045617
7 10 0.0489564
7 11 0.0520684
7 12 0.0549436
7 13 0.0575741
7 14 0.0599539
7 15 0.0620782
7 16 0.0639439
7 17 0.0655487
7 18 0.0668917
7 19 0.0679729
7 20 0.0687928
7 21 0.0693528
7 22 0.0696548
7 23 0.0697009
7 24 0.069494
7 25 0.0690369
7 26 0.068333
7 27 0.0673859
7 28 0.0661995
7 29 0.0647782
7 30 0.0631268
7 31 0.0612504
7 32 0.0591551
7 33 0.0568474
7 34 0.0543344
7 35 0.0516242
7 36 0.0487258
7 37 0.0456487
7 38 0.0424037
7 39 0.0390022

8 1 0.0138792
8 2 0.0190114
8 3 0.0240447
8 4 0.0289539
8 5 0.033715
8 6 0.0383058
8 7 0.0427057
8 8 0.046896
8 9 0.05086
8 10 0.0545832
8 11 0.0580529
8 12 0.0612585
8 13 0.0641914
8 14 0.0668447
8 15 0.0692131
8 16 0.0712932
8 17 0.0730825
8 18 0.0745799
8 19 0.0757853
8 20 0.0766994
8 21 0.0773238
8 22 0.0776604
8 23 0.0777119
8 24 0.0774812
8 25 0.0769716
8 26 0.0761868
8 27 0.0751308
8 28 0.0738081
8 29 0.0722234
8 30 0.0703822
8 31 0.0682902
8 32 0.0659541
8 33 0.063381
8 34 0.0605792
8 35 0.0575576
8 36 0.054326
8 37 0.0508953
8 38 0.0472773
8 39 0.0434849

9 1 0.0151869
9 2 0.0208027
9 3 0.0263103
9 4 0.031682
9 5 0.0368918
9 6 0.0419152
9 7 0.0467296
9 8 0.0513147
9 9 0.0556523
9 10 0.0597262
9 11 0.0635229
9 12 0.0670305
9 13 0.0702398
9 14 0.073143
9 15 0.0757347
9 16 0.0780107
9 17 0.0799686
9 18 0.0816071
9 19 0.082926
9 20 0.0839263
9 21 0.0846095
9 22 0.0849779
9 23 0.0850342
9 24 0.0847818
9 25 0.0842241
9 26 0.0833654
9 27 0.0822099
9 28 0.0807626
9 29 0.0790286
9 30 0.0770138
9 31 0.0747247
9 32 0.0721685
9 33 0.069353
9 34 0.0662872
9 35 0.0629809
9 36 0.0594448
9 37 0.0556909
9 38 0.051732
9 39 0.0475822

10 1 0.0163652
10 2 0.0224167
10 3 0.0283515
10 4 0.03414
10 5 0.039754
10 6 0.0451671
10 7 0.050355
10 8 0.0552959
10 9 0.0599699
10 10 0.06436
10 11 0.0684511
10 12 0.0722309
10 13 0.0756892
10 14 0.0788177
10 15 0.0816104
10 16 0.084063
10 17 0.0861728
10 18 0.0879383
10 19 0.0893596
10 20 0.0904375
10 21 0.0911737
10 22 0.0915707
10 23 0.0916314
10 24 0.0913593
10 25 0.0907584
10 26 0.0898331
10 27 0.088588
10 28 0.0870283
10 29 0.0851598
10 30 0.0829887
10 31 0.0805221
10 32 0.0777675
10 33 0.0747336
10 34 0.07143
10 35 0.0678671
10 36 0.0640567
10 37 0.0600115
10 38 0.0557455
10 39 0.0512738

11 1 0.0174097
11 2 0.0238474
11 3 0.030161
11 4 0.036319
11 5 0.0422912
11 6 0.0480498
11 7 0.0535689
11 8 0.058825
11 9 0.0637974
11 10 0.0684676
11 11 0.0728199
11 12 0.0768409
11 13 0.0805199
11 14 0.083848
11 15 0.086819
11 16 0.0894281
11 17 0.0916725
11 18 0.0935508
11 19 0.0950628
11 20 0.0962095
11 21 0.0969926
11 22 0.0974149
11 23 0.0974795
11 24 0.0971901
11 25 0.0965509
11 26 0.0955664
11 27 0.0942418
11 28 0.0925826
11 29 0.0905949
11 30 0.0882853
11 31 0.0856612
11 32 0.0827308
11 33 0.0795033
11 34 0.0759888
11 35 0.0721985
11 36 0.0681449
11 37 0.0638416
11 38 0.0593033
11 39 0.0545462

12 1 0.0183182
12 2 0.0250919
12 3 0.0317351
12 4 0.0382144
12 5 0.0444983
12 6 0.0505574
12 7 0.0563645
12 8 0.061895
12 9 0.0671268
12 10 0.0720408
12 11 0.0766202
12 12 0.080851
12 13 0.0847219
12 14 0.0882238
12 15 0.0913498
12 16 0.0940951
12 17 0.0964566
12 18 0.0984329
12 19 0.100024
12 20 0.10123
12 21 0.102054
12 22 0.102499
12 23 0.102567
12 24 0.102262
12 25 0.101589
12 26 0.100554
12 27 0.0991599
12 28 0.0974142
12 29 0.0953227
12 30 0.0928925
12 31 0.0901315
12 32 0.0870482
12 33 0.0836523
12 34 0.0799544
12 35 0.0759663
12 36 0.0717012
12 37 0.0671732
12 38 0.0623981
12 39 0.0573928

13 1 0.0190906
13 2 0.0261499
13 3 0.0330731
13 4 0.0398257
13 5 0.0463745
13 6 0.0526891
13 7 0.058741
13 8 0.0645047
13 9 0.0699572
13 10 0.0750783
13 11 0.0798508
13 12 0.08426
13 13 0.0882941
13 14 0.0919436
13 15 0.0952014
13 16 0.0980624
13 17 0.100524
13 18 0.102583
13 19 0.104241
13 20 0.105498
13 21 0.106357
13 22 0.10682
13 23 0.106891
13 24 0.106574
13 25 0.105873
13 26 0.104793
13 27 0.103341
13 28 0.101521
13 29 0.0993418
13 30 0.0968092
13 31 0.0939317
13 32 0.0907184
13 33 0.0871793
13 34 0.0833255
13 35 0.0791693
13 36 0.0747243
13 37 0.0700055
13 38 0.065029
13 39 0.0598126

14 1 0.0197282
14 2 0.0270232
14 3 0.0341776
14 4 0.0411557
14 5 0.0479232
14 6 0.0544487
14 7 0.0607027
14 8 0.0666588
14 9 0.0722934
14 10 0.0775855
14 11 0.0825174
14 12 0.0870739
14 13 0.0912427
14 14 0.095014
14 15 0.0983806
14 16 0.101337
14 17 0.10388
14 18 0.106009
14 19 0.107722
14 20 0.109021
14 21 0.109909
14 22 0.110387
14 23 0.110461
14 24 0.110133
14 25 0.109408
14 26 0.108293
14 27 0.106792
14 28 0.104912
14 29 0.102659
14 30 0.100042
14 31 0.0970685
14 32 0.0937479
14 33 0.0900906
14 34 0.0861081
14 35 0.0818131
14 36 0.0772197
14 37 0.0723433
14 38 0.0672006
14 39 0.06181

15 1 0.0202335
15 2 0.0277154
15 3 0.0350531
15 4 0.0422099
15 5 0.0491508
15 6 0.0558434
15 7 0.0622576
15 8 0.0683663
15 9 0.0741452
15 10 0.0795729
15 11 0.0846311
15 12 0.0893043
15 13 0.0935799
15 14 0.0974478
15 15 0.100901
15 16 0.103933
15 17 0.106541
15 18 0.108724
15 19 0.110481
15 20 0.111814
15 21 0.112724
15 22 0.113215
15 23 0.11329
15 24 0.112954
15 25 0.112211
15 26 0.111067
15 27 0.109527
15 28 0.107599
15 29 0.105289
15 30 0.102605
15 31 0.0995549
15 32 0.0961492
15 33 0.0923982
15 34 0.0883137
15 35 0.0839087
15 36 0.0791976
15 37 0.0741963
15 38 0.068922
15 39 0.0633933

16 1 0.0206103
16 2 0.0282315
16 3 0.0357059
16 4 0.0429959
16 5 0.0500661
16 6 0.0568833
16 7 0.0634169
16 8 0.0696394
16 9 0.0755259
16 10 0.0810546
16 11 0.086207
16 12 0.0909672
16 13 0.0953224
16 14 0.0992624
16 15 0.102779
16 16 0.105868
16 17 0.108525
16 18 0.110749
16 19 0.112539
16 20 0.113896
16 21 0.114823
16 22 0.115323
16 23 0.1154
16 24 0.115057
16 25 0.1143
16 26 0.113135
16 27 0.111567
16 28 0.109602
16 29 0.107249
16 30 0.104515
16 31 0.101409
16 32 0.0979395
16 33 0.0941187
16 34 0.0899581
16 35 0.0854711
16 36 0.0806723
16 37 0.0755779
16 38 0.0702053
16 39 0.0645737

17 1 0.0208627
17 2 0.0285773
17 3 0.0361432
17 4 0.0435225
17 5 0.0506793
17 6 0.05758
17 7 0.0641936
17 8 0.0704923
17 9 0.0764509
17 10 0.0820473
17 11 0.0872628
17 12 0.0920813
17 13 0.0964898
17 14 0.100478
17 15 0.104038
17 16 0.107165
17 17 0.109854
17 18 0.112105
17 19 0.113917
17 20 0.115291
17 21 0.116229
17 22 0.116735
17 23 0.116813
17 24 0.116466
17 25 0.1157
17 26 0.11452
17 27 0.112933
17 28 0.110945
17 29 0.108563
17 30 0.105795
17 31 0.102651
17 32 0.099139
17 33 0.0952714
17 34 0.0910599
17 35 0.0865179
17 36 0.0816603
17 37 0.0765035
17 38 0.0710651
17 39 0.0653645

18 1 0.0209953
18 2 0.0287589
18 3 0.0363729
18 4 0.0437991
18 5 0.0510014
18 6 0.057946
18 7 0.0646017
18 8 0.0709404
18 9 0.0769368
18 10 0.0825688
18 11 0.0878174
18 12 0.0926666
18 13 0.0971031
18 14 0.101117
18 15 0.104699
18 16 0.107846
18 17 0.110553
18 18 0.112818
18 19 0.114641
18 20 0.116024
18 21 0.116968
18 22 0.117477
18 23 0.117555
18 24 0.117206
18 25 0.116435
18 26 0.115248
18 27 0.113651
18 28 0.11165
18 29 0.109253
18 30 0.106467
18 31 0.103303
18 32 0.0997691
18 33 0.0958769
18 34 0.0916386
18 35 0.0870678
18 36 0.0821793
18 37 0.0769897
18 38 0.0715168
18 39 0.06578

19 1 0.0210127
19 2 0.0287827
19 3 0.036403
19 4 0.0438353
19 5 0.0510435
19 6 0.0579938
19 7 0.0646551
19 8 0.070999
19 9 0.0770003
19 10 0.082637
19 11 0.08789
19 12 0.0927431
19 13 0.0971833
19 14 0.1012
19 15 0.104786
19 16 0.107935
19 17 0.110644
19 18 0.112911
19 19 0.114736
19 20 0.116119
19 21 0.117065
19 22 0.117574
19 23 0.117652
19 24 0.117303
19 25 0.116531
19 26 0.115343
19 27 0.113745
19 28 0.111742
19 29 0.109343
19 30 0.106555
19 31 0.103388
19 32 0.0998515
19 33 0.0959561
19 34 0.0917143
19 35 0.0871397
19 36 0.0822472
19 37 0.0770533
19 38 0.0715758
19 39 0.0658343

20 1 0.0209191
20 2 0.0286544
20 3 0.0362408
20 4 0.04364
20 5 0.0508161
20 6 0.0577354
20 7 0.0643669
20 8 0.0706826
20 9 0.0766572
20 10 0.0822688
20 11 0.0874983
20 12 0.0923298
20 13 0.0967502
20 14 0.100749
20 15 0.104319
20 16 0.107454
20 17 0.110151
20 18 0.112408
20 19 0.114224
20 20 0.115602
20 21 0.116543
20 22 0.11705
20 23 0.117128
20 24 0.11678
20 25 0.116012
20 26 0.114829
20 27 0.113238
20 28 0.111244
20 29 0.108856
20 30 0.106081
20 31 0.102927
20 32 0.0994065
20 33 0.0955284
20 34 0.0913056
20 35 0.0867513
20 36 0.0818807
20 37 0.0767099
20 38 0.0712569
20 39 0.0655409

21 1 0.0207183
21 2 0.0283795
21 3 0.035893
21 4 0.0432212
21 5 0.0503285
21 6 0.0571814
21 7 0.0637493
21 8 0.0700043
21 9 0.0759216
21 10 0.0814794
21 11 0.0866587
21 12 0.0914438
21 13 0.0958218
21 14 0.0997824
21 15 0.103318
21 16 0.106423
21 17 0.109094
21 18 0.111329
21 19 0.113128
21 20 0.114493
21 21 0.115425
21 22 0.115927
21 23 0.116004
21 24 0.11566
21 25 0.114899
21 26 0.113727
21 27 0.112151
21 28 0.110177
21 29 0.107811
21 30 0.105063
21 31 0.10194
21 32 0.0984526
21 33 0.0946118
21 34 0.0904294
21 35 0.0859189
21 36 0.0810949
21 37 0.0759738
21 38 0.0705731
21 39 0.064912

22 1 0.0204138
22 2 0.0279624
22 3 0.0353655
22 4 0.042586
22 5 0.0495888
22 6 0.056341
22 7 0.0628123
22 8 0.0689754
22 9 0.0748058
22 10 0.0802818
22 11 0.085385
22 12 0.0900998
22 13 0.0944135
22 14 0.0983159
22 15 0.101799
22 16 0.104859
22 17 0.10749
22 18 0.109693
22 19 0.111465
22 20 0.11281
22 21 0.113728
22 22 0.114223
22 23 0.114299
22 24 0.11396
22 25 0.11321
22 26 0.112056
22 27 0.110503
22 28 0.108557
22 29 0.106226
22 30 0.103518
22 31 0.100442
22 32 0.0970056
22 33 0.0932212
22 34 0.0891003
22 35 0.0846561
22 36 0.079903
22 37 0.0748572
22 38 0.0695358
22 39 0.0639579

23 1 0.0200082
23 2 0.0274068
23 3 0.0346629
23 4 0.0417399
23 5 0.0486036
23 6 0.0552216
23 7 0.0615644
23 8 0.0676051
23 9 0.0733196
23 10 0.0786868
23 11 0.0836887
23 12 0.0883098
23 13 0.0925378
23 14 0.0963626
23 15 0.099777
23 16 0.102775
23 17 0.105355
23 18 0.107513
23 19 0.109251
23 20 0.110569
23 21 0.111469
23 22 0.111954
23 23 0.112028
23 24 0.111696
23 25 0.110961
23 26 0.10983
23 27 0.108307
23 28 0.106401
23 29 0.104116
23 30 0.101462
23 31 0.098446
23 32 0.0950783
23 33 0.0913692
23 34 0.0873301
23 35 0.0829742
23 36 0.0783156
23 37 0.07337
23 38 0.0681544
23 39 0.0626873

24 1 0.0195038
24 2 0.0267158
24 3 0.0337889
24 4 0.0406875
24 5 0.0473781
24 6 0.0538293
24 7 0.0600122
24 8 0.0659006
24 9 0.071471
24 10 0.0767029
24 11 0.0815786
24 12 0.0860832
24 13 0.0902046
24 14 0.093933
24 15 0.0972613
24 16 0.100184
24 17 0.102698
24 18 0.104803
24 19 0.106496
24 20 0.107781
24 21 0.108658
24 22 0.109131
24 23 0.109204
24 24 0.108879
24 25 0.108163
24 26 0.107061
24 27 0.105577
24 28 0.103718
24 29 0.101491
24 30 0.0989036
24 31 0.095964
24 32 0.0926812
24 33 0.0890655
24 34 0.0851283
24 35 0.0808822
24 36 0.076341
24 37 0.0715201
24 38 0.066436
24 39 0.0611067

25 1 0.0189021
25 2 0.0258916
25 3 0.0327465
25 4 0.0394323
25 5 0.0459164
25 6 0.0521686
25 7 0.0581607
25 8 0.0638674
25 9 0.069266
25 10 0.0743365
25 11 0.0790618
25 12 0.0834275
25 13 0.0874217
25 14 0.0910351
25 15 0.0942606
25 16 0.0970934
25 17 0.0995301
25 18 0.101569
25 19 0.103211
25 20 0.104456
25 21 0.105306
25 22 0.105765
25 23 0.105835
25 24 0.10552
25 25 0.104826
25 26 0.103758
25 27 0.102319
25 28 0.100518
25 29 0.0983599
25 30 0.0958523
25 31 0.0930033
25 32 0.0898218
25 33 0.0863177
25 34 0.082502
25 35 0.0783869
25 36 0.0739858
25 37 0.0693136
25 38 0.0643864
25 39 0.0592215

26 1 0.0182044
26 2 0.0249359
26 3 0.0315378
26 4 0.0379768
26 5 0.0442216
26 6 0.050243
26 7 0.056014
26 8 0.0615101
26 9 0.0667094
26 10 0.0715927
26 11 0.0761436
26 12 0.0803481
26 13 0.0841949
26 14 0.087675
26 15 0.0907815
26 16 0.0935096
26 17 0.0958564
26 18 0.0978204
26 19 0.0994014
26 20 0.1006
26 21 0.101419
26 22 0.101861
26 23 0.101928
26 24 0.101626
26 25 0.100957
26 26 0.0999279
26 27 0.0985429
26 28 0.0968079
26 29 0.0947295
26 30 0.0923145
26 31 0.0895706
26 32 0.0865065
26 33 0.0831317
26 34 0.0794569
26 35 0.0754936
26 36 0.071255
26 37 0.0667553
26 38 0.0620099
26 39 0.0570357

27 1 0.0174119
27 2 0.0238504
27 3 0.0301648
27 4 0.0363235
27 5 0.0422965
27 6 0.0480558
27 7 0.0535755
27 8 0.0588323
27 9 0.0638053
27 10 0.068476
27 11 0.0728288
27 12 0.0768503
27 13 0.0805296
27 14 0.0838582
27 15 0.0868294
27 16 0.0894389
27 17 0.0916835
27 18 0.0935619
27 19 0.0950741
27 20 0.0962209
27 21 0.0970041
27 22 0.0974265
27 23 0.097491
27 24 0.0972016
27 25 0.0965623
27 26 0.0955777
27 27 0.094253
27 28 0.0925936
27 29 0.0906056
27 30 0.0882957
27 31 0.0856713
27 32 0.0827406
27 33 0.0795127
27 34 0.0759978
27 35 0.0722071
27 36 0.0681531
27 37 0.0638492
27 38 0.0593104
27 39 0.0545527

28 1 0.0165257
28 2 0.0226365
28 3 0.0286296
28 4 0.0344749
28 5 0.0401439
28 6 0.0456101
28 7 0.0508489
28 8 0.0558382
28 9 0.060558
28 10 0.0649911
28 11 0.0691223
28 12 0.0729392
28 13 0.0764313
28 14 0.0795904
28 15 0.0824105
28 16 0.0848871
28 17 0.0870175
28 18 0.0888004
28 19 0.0902356
28 20 0.091324
28 21 0.0920674
28 22 0.0924682
28 23 0.0925295
28 24 0.0922548
28 25 0.091648
28 26 0.0907135
28 27 0.0894562
28 28 0.0878813
28 29 0.0859945
28 30 0.0838021
28 31 0.0813113
28 32 0.0785298
28 33 0.0754662
28 34 0.0721301
28 35 0.0685324
28 36 0.0646846
28 37 0.0605998
28 38 0.0562919
28 39 0.0517764

29 1 0.0155474
29 2 0.0212965
29 3 0.0269348
29 4 0.0324341
29 5 0.0377675
29 6 0.04291
29 7 0.0478387
29 8 0.0525327
29 9 0.0569731
29 10 0.0611438
29 11 0.0650305
29 12 0.0686214
29 13 0.0719067
29 14 0.0748789
29 15 0.077532
29 16 0.079862
29 17 0.0818663
29 18 0.0835436
29 19 0.0848939
29 20 0.0859179
29 21 0.0866173
29 22 0.0869944
29 23 0.087052
29 24 0.0867936
29 25 0.0862227
29 26 0.0853436
29 27 0.0841607
29 28 0.082679
29 29 0.0809039
29 30 0.0788413
29 31 0.0764979
29 32 0.073881
29 33 0.0709988
29 34 0.0678602
29 35 0.0644754
29 36 0.0608554
29 37 0.0570124
29 38 0.0529596
29 39 0.0487114

30 1 0.014479
30 2 0.019833
30 3 0.0250839
30 4 0.0302052
30 5 0.0351721
30 6 0.0399613
30 7 0.0445513
30 8 0.0489227
30 9 0.053058
30 10 0.056942
30 11 0.0605617
30 12 0.0639058
30 13 0.0669654
30 14 0.0697333
30 15 0.0722041
30 16 0.074374
30 17 0.0762406
30 18 0.0778026
30 19 0.0790601
30 20 0.0800137
30 21 0.0806651
30 22 0.0810162
30 23 0.0810699
30 24 0.0808292
30 25 0.0802976
30 26 0.0794789
30 27 0.0783773
30 28 0.0769974
30 29 0.0753443
30 30 0.0734235
30 31 0.0712411
30 32 0.068804
30 33 0.0661199
30 34 0.063197
30 35 0.0600448
30 36 0.0566736
30 37 0.0530946
30 38 0.0493203
30 39 0.045364

31 1 0.0133233
31 2 0.0182499
31 3 0.0230816
31 4 0.0277942
31 5 0.0323646
31 6 0.0367715
31 7 0.0409952
31 8 0.0450176
31 9 0.0488229
31 10 0.0523969
31 11 0.0557276
31 12 0.0588048
31 13 0.0616202
31 14 0.0641671
31 15 0.0664407
31 16 0.0684374
31 17 0.070155
31 18 0.0715924
31 19 0.0727495
31 20 0.073627
31 21 0.0742263
31 22 0.0745495
31 23 0.0745989
31 24 0.0743774
31 25 0.0738882
31 26 0.0731349
31 27 0.0721212
31 28 0.0708515
31 29 0.0693303
31 30 0.0675628
31 31 0.0655546
31 32 0.0633121
31 33 0.0608422
31 34 0.0581526
31 35 0.055252
31 36 0.0521498
31 37 0.0488566
31 38 0.0453835
31 39 0.041743

32 1 0.012084
32 2 0.0165524
32 3 0.0209346
32 4 0.0252089
32 5 0.0293542
32 6 0.0333512
32 7 0.0371819
32 8 0.0408302
32 9 0.0442815
32 10 0.0475231
32 11 0.0505439
32 12 0.0533349
32 13 0.0558884
32 14 0.0581985
32 15 0.0602606
32 16 0.0620716
32 17 0.0636294
32 18 0.0649331
32 19 0.0659826
32 20 0.0667785
32 21 0.0673221
32 22 0.0676152
32 23 0.06766
32 24 0.0674591
32 25 0.0670154
32 26 0.0663321
32 27 0.0654127
32 28 0.0642611
32 29 0.0628814
32 30 0.0612783
32 31 0.0594569
32 32 0.057423
32 33 0.0551828
32 34 0.0527434
32 35 0.0501126
32 36 0.047299
32 37 0.0443121
32 38 0.0411621
32 39 0.0378602

33 1 0.010766
33 2 0.014747
33 3 0.0186513
33 4 0.0224593
33 5 0.0261525
33 6 0.0297136
33 7 0.0331265
33 8 0.0363769
33 9 0.0394518
33 10 0.0423398
33 11 0.0450312
33 12 0.0475177
33 13 0.0497927
33 14 0.0518509
33 15 0.0536881
33 16 0.0553015
33 17 0.0566894
33 18 0.0578509
33 19 0.0587859
33 20 0.059495
33 21 0.0599793
33 22 0.0602405
33 23 0.0602804
33 24 0.0601014
33 25 0.0597061
33 26 0.0590974
33 27 0.0582783
33 28 0.0572522
33 29 0.056023
33 30 0.0545948
33 31 0.0529721
33 32 0.05116
33 33 0.0491641
33 34 0.0469908
33 35 0.0446469
33 36 0.0421402
33 37 0.039479
33 38 0.0366726
33 39 0.0337309

34 1 0.00937541
34 2 0.0128422
34 3 0.0162422
34 4 0.0195584
34 5 0.0227746
34 6 0.0258756
34 7 0.0288477
34 8 0.0316783
34 9 0.034356
34 10 0.036871
34 11 0.0392148
34 12 0.0413802
34 13 0.0433613
34 14 0.0451536
34 15 0.0467535
34 16 0.0481586
34 17 0.0493672
34 18 0.0503787
34 19 0.0511929
34 20 0.0518104
34 21 0.0522322
34 22 0.0524596
34 23 0.0524944
34 24 0.0523385
34 25 0.0519943
34 26 0.0514641
34 27 0.0507508
34 28 0.0498573
34 29 0.0487869
34 30 0.0475431
34 31 0.04613
34 32 0.0445519
34 33 0.0428139
34 34 0.0409213
34 35 0.0388802
34 36 0.0366972
34 37 0.0343798
34 38 0.0319358
34 39 0.0293741

35 1 0.00791959
35 2 0.0108481
35 3 0.0137201
35 4 0.0165214
35 5 0.0192381
35 6 0.0218577
35 7 0.0243683
35 8 0.0267593
35 9 0.0290212
35 10 0.0311457
35 11 0.0331255
35 12 0.0349546
35 13 0.0366282
35 14 0.0381422
35 15 0.0394936
35 16 0.0406805
35 17 0.0417015
35 18 0.0425559
35 19 0.0432437
35 20 0.0437653
35 21 0.0441216
35 22 0.0443137
35 23 0.0443431
35 24 0.0442114
35 25 0.0439206
35 26 0.0434728
35 27 0.0428703
35 28 0.0421155
35 29 0.0412113
35 30 0.0401606
35 31 0.038967
35 32 0.0376339
35 33 0.0361658
35 34 0.034567
35 35 0.0328429
35 36 0.0309989
35 37 0.0290413
35 38 0.0269769
35 39 0.0248129

36 1 0.00640715
36 2 0.00877636
36 3 0.0110999
36 4 0.0133662
36 5 0.0155641
36 6 0.0176834
36 7 0.0197145
36 8 0.0216489
36 9 0.0234789
36 10 0.0251976
36 11 0.0267994
36 12 0.0282792
36 13 0.0296331
36 14 0.030858
36 15 0.0319513
36 16 0.0329116
36 17 0.0337375
36 18 0.0344288
36 19 0.0349852
36 20 0.0354072
36 21 0.0356955
36 22 0.0358509
36 23 0.0358747
36 24 0.0357681
36 25 0.0355329
36 26 0.0351706
36 27 0.0346831
36 28 0.0340725
36 29 0.033341
36 30 0.032491
36 31 0.0315252
36 32 0.0304468
36 33 0.029259
36 34 0.0279656
36 35 0.0265707
36 36 0.0250789
36 37 0.0234951
36 38 0.021825
36 39 0.0200742

37 1 0.00484783
37 2 0.00664044
37 3 0.00839851
37 4 0.0101132
37 5 0.0117762
37 6 0.0133797
37 7 0.0149166
37 8 0.0163802
37 9 0.0177648
37 10 0.0190652
37 11 0.0202771
37 12 0.0213968
37 13 0.0224212
37 14 0.023348
37 15 0.0241753
37 16 0.0249018
37 17 0.0255268
37 18 0.0260498
37 19 0.0264708
37 20 0.0267901
37 21 0.0270082
37 22 0.0271258
37 23 0.0271438
37 24 0.0270632
37 25 0.0268852
37 26 0.0266111
37 27 0.0262422
37 28 0.0257802
37 29 0.0252267
37 30 0.0245836
37 31 0.0238529
37 32 0.0230369
37 33 0.0221382
37 34 0.0211596
37 35 0.0201041
37 36 0.0189754
37 37 0.0177771
37 38 0.0165134
37 39 0.0151887

38 1 0.00325239
38 2 0.00445504
38 3 0.00563453
38 4 0.00678493
38 5 0.00790064
38 6 0.00897642
38 7 0.0100075
38 8 0.0109894
38 9 0.0119183
38 10 0.0127908
38 11 0.0136039
38 12 0.014355
38 13 0.0150423
38 14 0.0156641
38 15 0.0162191
38 16 0.0167065
38 17 0.0171258
38 18 0.0174767
38 19 0.0177592
38 20 0.0179734
38 21 0.0181197
38 22 0.0181986
38 23 0.0182107
38 24 0.0181566
38 25 0.0180372
38 26 0.0178533
38 27 0.0176058
38 28 0.0172959
38 29 0.0169245
38 30 0.016493
38 31 0.0160028
38 32 0.0154554
38 33 0.0148524
38 34 0.0141959
38 35 0.0134878
38 36 0.0127305
38 37 0.0119266
38 38 0.0110788
38 39 0.0101901

39 1 0.0016324
39 2 0.00223603
39 3 0.00282802
39 4 0.00340542
39 5 0.0039654
39 6 0.00450535
39 7 0.00502284
39 8 0.00551568
39 9 0.00598191
39 10 0.00641981
39 11 0.0068279
39 12 0.00720493
39 13 0.00754988
39 14 0.00786195
39 15 0.00814052
39 16 0.00838516
39 17 0.00859561
39 18 0.00877172
39 19 0.0089135
39 20 0.00902101
39 21 0.00909445
39 22 0.00913404
39 23 0.0091401
39 24 0.00911296
39 25 0.00905303
39 26 0.00896072
39 27 0.00883652
39 28 0.00868095
39 29 0.00849457
39 30 0.00827801
39 31 0.00803196
39 32 0.0077572
39 33 0.00745457
39 34 0.00712504
39 35 0.00676965
39 36 0.00638956
39 37 0.00598606
39 38 0.00556054
39 39 0.00511449

