1 1 0.000588019
1 2 0.000806119
1 3 0.00102092
1 4 0.00123155
1 5 0.00143715
1 6 0.00163689
1 7 0.00182998
1 8 0.00201563
1 9 0.00219311
1 10 0.00236173
1 11 0.00252082
1 12 0.00266978
1 13 0.00280804
1 14 0.00293508
1 15 0.00305042
1 16 0.00315365
1 17 0.0032444
1 18 0.00332235
1 19 0.00338724
1 20 0.00343887
1 21 0.00347707
1 22 0.00350174
1 23 0.00351284
1 24 0.00351036
1 25 0.00349436
1 26 0.00346495
1 27 0.00342228
1 28 0.00336655
1 29 0.003298
1 30 0.00321695
1 31 0.00312371
1 32 0.00301868
1 33 0.00290227
1 34 0.00277495
1 35 0.00263722
1 36 0.0024896
1 37 0.00233266
1 38 0.00216699
1 39 0.00199324

2 1 0.00117225
2 2 0.00160705
2 3 0.00203527
2 4 0.00245517
2 5 0.00286505
2 6 0.00326325
2 7 0.00364817
2 8 0.00401827
2 9 0.00437209
2 10 0.00470824
2 11 0.00502541
2 12 0.00532237
2 13 0.005598
2 14 0.00585125
2 15 0.0060812
2 16 0.00628699
2 17 0.0064679
2 18 0.0066233
2 19 0.00675267
2 20 0.00685559
2 21 0.00693174
2 22 0.00698093
2 23 0.00700305
2 24 0.00699812
2 25 0.00696623
2 26 0.00690759
2 27 0.00682252
2 28 0.00671141
2 29 0.00657477
2 30 0.00641317
2 31 0.0062273
2 32 0.00601792
2 33 0.00578585
2 34 0.00553203
2 35 0.00525745
2 36 0.00496316
2 37 0.00465029
2 38 0.00432003
2 39 0.00397363

3 1 0.00174894
3 2 0.00239763
3 3 0.00303651
3 4 0.00366298
3 5 0.0042745
3 6 0.00486859
3 7 0.00544287
3 8 0.00599505
3 9 0.00652293
3 10 0.00702445
3 11 0.00749765
3 12 0.0079407
3 13 0.00835192
3 14 0.00872976
3 15 0.00907282
3 16 0.00937986
3 17 0.00964977
3 18 0.00988162
3 19 0.0100746
3 20 0.0102282
3 21 0.0103418
3 22 0.0104152
3 23 0.0104482
3 24 0.0104408
3 25 0.0103932
3 26 0.0103058
3 27 0.0101788
3 28 0.0100131
3 29 0.00980921
3 30 0.00956811
3 31 0.00929081
3 32 0.00897841
3 33 0.00863219
3 34 0.0082535
3 35 0.00784383
3 36 0.00740477
3 37 0.00693798
3 38 0.00644526
3 39 0.00592845

4 1 0.00231437
4 2 0.00317279
4 3 0.00401822
4 4 0.00484723
4 5 0.00565645
4 6 0.00644262
4 7 0.00720256
4 8 0.00793326
4 9 0.00863181
4 10 0.00929547
4 11 0.00992166
4 12 0.0105079
4 13 0.0110521
4 14 0.0115521
4 15 0.0120061
4 16 0.0124124
4 17 0.0127696
4 18 0.0130764
4 19 0.0133318
4 20 0.013535
4 21 0.0136853
4 22 0.0137824
4 23 0.0138261
4 24 0.0138164
4 25 0.0137534
4 26 0.0136376
4 27 0.0134697
4 28 0.0132503
4 29 0.0129805
4 30 0.0126615
4 31 0.0122945
4 32 0.0118812
4 33 0.011423
4 34 0.0109219
4 35 0.0103798
4 36 0.00979875
4 37 0.00918105
4 38 0.00852903
4 39 0.00784513

5 1 0.00286494
5 2 0.00392756
5 3 0.00497411
5 4 0.00600033
5 5 0.00700206
5 6 0.00797524
5 7 0.00891597
5 8 0.00982049
5 9 0.0106852
5 10 0.0115068
5 11 0.0122819
5 12 0.0130077
5 13 0.0136813
5 14 0.0143002
5 15 0.0148622
5 16 0.0153652
5 17 0.0158073
5 18 0.0161871
5 19 0.0165033
5 20 0.0167548
5 21 0.0169409
5 22 0.0170611
5 23 0.0171152
5 24 0.0171031
5 25 0.0170252
5 26 0.0168819
5 27 0.016674
5 28 0.0164024
5 29 0.0160685
5 30 0.0156735
5 31 0.0152193
5 32 0.0147075
5 33 0.0141404
5 34 0.0135201
5 35 0.012849
5 36 0.0121298
5 37 0.0113651
5 38 0.010558
5 39 0.0097114

6 1 0.00339711
6 2 0.00465712
6 3 0.00589808
6 4 0.00711493
6 5 0.00830273
6 6 0.00945668
6 7 0.0105722
6 8 0.0116447
6 9 0.0126701
6 10 0.0136442
6 11 0.0145633
6 12 0.0154239
6 13 0.0162227
6 14 0.0169566
6 15 0.0176229
6 16 0.0182193
6 17 0.0187436
6 18 0.0191939
6 19 0.0195688
6 20 0.0198671
6 21 0.0200878
6 22 0.0202303
6 23 0.0202944
6 24 0.0202801
6 25 0.0201877
6 26 0.0200178
6 27 0.0197712
6 28 0.0194493
6 29 0.0190533
6 30 0.018585
6 31 0.0180463
6 32 0.0174395
6 33 0.016767
6 34 0.0160315
6 35 0.0152358
6 36 0.0143829
6 37 0.0134762
6 38 0.0125192
6 39 0.0115153

7 1 0.00390752
7 2 0.00535684
7 3 0.00678425
7 4 0.00818393
7 5 0.00955019
7 6 0.0108775
7 7 0.0121606
7 8 0.0133943
7 9 0.0145737
7 10 0.0156942
7 11 0.0167514
7 12 0.0177413
7 13 0.0186601
7 14 0.0195042
7 15 0.0202707
7 16 0.0209567
7 17 0.0215598
7 18 0.0220778
7 19 0.022509
7 20 0.022852
7 21 0.0231059
7 22 0.0232699
7 23 0.0233436
7 24 0.0233271
7 25 0.0232208
7 26 0.0230254
7 27 0.0227418
7 28 0.0223715
7 29 0.021916
7 30 0.0213773
7 31 0.0207578
7 32 0.0200598
7 33 0.0192862
7 34 0.0184402
7 35 0.0175249
7 36 0.0165439
7 37 0.015501
7 38 0.0144002
7 39 0.0132455

8 1 0.00439294
8 2 0.0060223
8 3 0.00762703
8 4 0.00920058
8 5 0.0107366
8 6 0.0122288
8 7 0.0136713
8 8 0.0150582
8 9 0.0163841
8 10 0.0176438
8 11 0.0188324
8 12 0.0199452
8 13 0.0209781
8 14 0.0219272
8 15 0.0227889
8 16 0.0235601
8 17 0.024238
8 18 0.0248204
8 19 0.0253052
8 20 0.0256909
8 21 0.0259762
8 22 0.0261606
8 23 0.0262435
8 24 0.026225
8 25 0.0261055
8 26 0.0258857
8 27 0.0255669
8 28 0.0251506
8 29 0.0246385
8 30 0.0240329
8 31 0.0233364
8 32 0.0225517
8 33 0.0216821
8 34 0.0207309
8 35 0.0197019
8 36 0.0185991
8 37 0.0174266
8 38 0.016189
8 39 0.0148909

9 1 0.00485031
9 2 0.00664932
9 3 0.00842112
9 4 0.0101585
9 5 0.0118544
9 6 0.013502
9 7 0.0150947
9 8 0.016626
9 9 0.01809
9 10 0.0194808
9 11 0.0207931
9 12 0.0220219
9 13 0.0231623
9 14 0.0242101
9 15 0.0251616
9 16 0.026013
9 17 0.0267616
9 18 0.0274046
9 19 0.0279398
9 20 0.0283657
9 21 0.0286808
9 22 0.0288843
9 23 0.0289758
9 24 0.0289554
9 25 0.0288235
9 26 0.0285808
9 27 0.0282288
9 28 0.0277691
9 29 0.0272038
9 30 0.0265351
9 31 0.0257661
9 32 0.0248997
9 33 0.0239395
9 34 0.0228893
9 35 0.0217532
9 36 0.0205356
9 37 0.019241
9 38 0.0178746
9 39 0.0164413

10 1 0.00527679
10 2 0.00723399
10 3 0.00916159
10 4 0.0110517
10 5 0.0128968
10 6 0.0146892
10 7 0.0164219
10 8 0.0180879
10 9 0.0196806
10 10 0.0211938
10 11 0.0226215
10 12 0.0239582
10 13 0.0251989
10 14 0.0263389
10 15 0.027374
10 16 0.0283004
10 17 0.0291147
10 18 0.0298142
10 19 0.0303966
10 20 0.0308598
10 21 0.0312026
10 22 0.0314241
10 23 0.0315236
10 24 0.0315014
10 25 0.0313579
10 26 0.0310939
10 27 0.030711
10 28 0.0302109
10 29 0.0295958
10 30 0.0288684
10 31 0.0280317
10 32 0.0270891
10 33 0.0260445
10 34 0.024902
10 35 0.023666
10 36 0.0223412
10 37 0.0209329
10 38 0.0194463
10 39 0.017887

11 1 0.00566975
11 2 0.0077727
11 3 0.00984385
11 4 0.0118748
11 5 0.0138572
11 6 0.0157831
11 7 0.0176448
11 8 0.0194349
11 9 0.0211462
11 10 0.0227721
11 11 0.0243061
11 12 0.0257424
11 13 0.0270755
11 14 0.0283004
11 15 0.0294125
11 16 0.0304079
11 17 0.0312829
11 18 0.0320345
11 19 0.0326602
11 20 0.033158
11 21 0.0335263
11 22 0.0337642
11 23 0.0338712
11 24 0.0338473
11 25 0.0336931
11 26 0.0334095
11 27 0.032998
11 28 0.0324606
11 29 0.0317997
11 30 0.0310182
11 31 0.0301192
11 32 0.0291065
11 33 0.0279841
11 34 0.0267564
11 35 0.0254283
11 36 0.024005
11 37 0.0224917
11 38 0.0208944
11 39 0.019219

12 1 0.00602679
12 2 0.00826216
12 3 0.0104637
12 4 0.0126225
12 5 0.0147298
12 6 0.016777
12 7 0.018756
12 8 0.0206588
12 9 0.0224778
12 10 0.0242061
12 11 0.0258367
12 12 0.0273634
12 13 0.0287805
12 14 0.0300825
12 15 0.0312647
12 16 0.0323227
12 17 0.0332528
12 18 0.0340518
12 19 0.0347169
12 20 0.035246
12 21 0.0356375
12 22 0.0358904
12 23 0.0360041
12 24 0.0359788
12 25 0.0358148
12 26 0.0355134
12 27 0.035076
12 28 0.0345048
12 29 0.0338022
12 30 0.0329714
12 31 0.0320158
12 32 0.0309393
12 33 0.0297463
12 34 0.0284413
12 35 0.0270296
12 36 0.0255166
12 37 0.0239081
12 38 0.0222102
12 39 0.0204293

13 1 0.00634575
13 2 0.00869943
13 3 0.0110175
13 4 0.0132906
13 5 0.0155094
13 6 0.0176649
13 7 0.0197486
13 8 0.0217521
13 9 0.0236674
13 10 0.0254871
13 11 0.027204
13 12 0.0288116
13 13 0.0303036
13 14 0.0316746
13 15 0.0329193
13 16 0.0340333
13 17 0.0350127
13 18 0.0358539
13 19 0.0365542
13 20 0.0371113
13 21 0.0375236
13 22 0.0377898
13 23 0.0379096
13 24 0.0378829
13 25 0.0377103
13 26 0.0373928
13 27 0.0369323
13 28 0.0363309
13 29 0.0355912
13 30 0.0347164
13 31 0.0337102
13 32 0.0325768
13 33 0.0313205
13 34 0.0299465
13 35 0.0284601
13 36 0.026867
13 37 0.0251734
13 38 0.0233856
13 39 0.0215105

14 1 0.00662473
14 2 0.00908189
14 3 0.0115019
14 4 0.0138749
14 5 0.0161912
14 6 0.0184415
14 7 0.0206168
14 8 0.0227084
14 9 0.024708
14 10 0.0266076
14 11 0.0284
14 12 0.0300783
14 13 0.0316359
14 14 0.0330671
14 15 0.0343666
14 16 0.0355296
14 17 0.036552
14 18 0.0374302
14 19 0.0381613
14 20 0.0387429
14 21 0.0391733
14 22 0.0394512
14 23 0.0395763
14 24 0.0395484
14 25 0.0393681
14 26 0.0390368
14 27 0.038556
14 28 0.0379281
14 29 0.0371559
14 30 0.0362427
14 31 0.0351923
14 32 0.034009
14 33 0.0326975
14 34 0.0312631
14 35 0.0297113
14 36 0.0280482
14 37 0.0262801
14 38 0.0244137
14 39 0.0224561

15 1 0.00686211
15 2 0.00940731
15 3 0.011914
15 4 0.014372
15 5 0.0167714
15 6 0.0191023
15 7 0.0213556
15 8 0.0235221
15 9 0.0255933
15 10 0.0275611
15 11 0.0294177
15 12 0.031156
15 13 0.0327695
15 14 0.034252
15 15 0.035598
15 16 0.0368027
15 17 0.0378617
15 18 0.0387714
15 19 0.0395287
15 20 0.0401311
15 21 0.0405769
15 22 0.0408649
15 23 0.0409944
15 24 0.0409655
15 25 0.0407788
15 26 0.0404356
15 27 0.0399376
15 28 0.0392872
15 29 0.0384873
15 30 0.0375413
15 31 0.0364533
15 32 0.0352276
15 33 0.0338691
15 34 0.0323833
15 35 0.030776
15 36 0.0290533
15 37 0.0272218
15 38 0.0252885
15 39 0.0232608

16 1 0.00705653
16 2 0.00967385
16 3 0.0122516
16 4 0.0147792
16 5 0.0172466
16 6 0.0196436
16 7 0.0219606
16 8 0.0241885
16 9 0.0263184
16 10 0.0283419
16 11 0.0302512
16 12 0.0320388
16 13 0.0336979
16 14 0.0352224
16 15 0.0366066
16 16 0.0378454
16 17 0.0389344
16 18 0.0398699
16 19 0.0406486
16 20 0.0412682
16 21 0.0417266
16 22 0.0420227
16 23 0.0421559
16 24 0.0421261
16 25 0.0419342
16 26 0.0415812
16 27 0.0410691
16 28 0.0404003
16 29 0.0395777
16 30 0.038605
16 31 0.0374861
16 32 0.0362257
16 33 0.0348288
16 34 0.0333008
16 35 0.0316479
16 36 0.0298764
16 37 0.0279931
16 38 0.026005
16 39 0.0239198

17 1 0.00720692
17 2 0.00988002
17 3 0.0125127
17 4 0.0150942
17 5 0.0176141
17 6 0.0200622
17 7 0.0224287
17 8 0.0247041
17 9 0.0268793
17 10 0.028946
17 11 0.0308959
17 12 0.0327216
17 13 0.0344161
17 14 0.0359731
17 15 0.0373868
17 16 0.038652
17 17 0.0397642
17 18 0.0407196
17 19 0.041515
17 20 0.0421477
17 21 0.0426159
17 22 0.0429183
17 23 0.0430543
17 24 0.0430239
17 25 0.0428279
17 26 0.0424674
17 27 0.0419444
17 28 0.0412613
17 29 0.0404212
17 30 0.0394277
17 31 0.038285
17 32 0.0369977
17 33 0.035571
17 34 0.0340106
17 35 0.0323224
17 36 0.0305131
17 37 0.0285897
17 38 0.0265593
17 39 0.0244296

18 1 0.00731249
18 2 0.0100247
18 3 0.012696
18 4 0.0153153
18 5 0.0178721
18 6 0.0203561
18 7 0.0227572
18 8 0.0250659
18 9 0.0272731
18 10 0.02937
18 11 0.0313485
18 12 0.0332009
18 13 0.0349203
18 14 0.0365
18 15 0.0379344
18 16 0.0392182
18 17 0.0403467
18 18 0.0413161
18 19 0.0421231
18 20 0.0427651
18 21 0.0432401
18 22 0.0435469
18 23 0.043685
18 24 0.0436542
18 25 0.0434552
18 26 0.0430895
18 27 0.0425588
18 28 0.0418657
18 29 0.0410133
18 30 0.0400053
18 31 0.0388458
18 32 0.0375397
18 33 0.0360921
18 34 0.0345088
18 35 0.0327959
18 36 0.0309601
18 37 0.0290084
18 38 0.0269483
18 39 0.0247875

19 1 0.00737273
19 2 0.0101073
19 3 0.0128006
19 4 0.0154415
19 5 0.0180194
19 6 0.0205238
19 7 0.0229447
19 8 0.0252724
19 9 0.0274977
19 10 0.0296119
19 11 0.0316067
19 12 0.0334744
19 13 0.0352079
19 14 0.0368007
19 15 0.0382469
19 16 0.0395412
19 17 0.0406791
19 18 0.0416564
19 19 0.0424701
19 20 0.0431174
19 21 0.0435963
19 22 0.0439057
19 23 0.0440448
19 24 0.0440138
19 25 0.0438132
19 26 0.0434444
19 27 0.0429094
19 28 0.0422106
19 29 0.0413512
19 30 0.0403348
19 31 0.0391658
19 32 0.0378489
19 33 0.0363894
19 34 0.034793
19 35 0.0330661
19 36 0.0312152
19 37 0.0292474
19 38 0.0271703
19 39 0.0249917

20 1 0.00738742
20 2 0.0101275
20 3 0.0128261
20 4 0.0154722
20 5 0.0180553
20 6 0.0205647
20 7 0.0229904
20 8 0.0253228
20 9 0.0275525
20 10 0.0296709
20 11 0.0316697
20 12 0.0335411
20 13 0.0352781
20 14 0.0368741
20 15 0.0383231
20 16 0.03962
20 17 0.0407601
20 18 0.0417394
20 19 0.0425547
20 20 0.0432033
20 21 0.0436832
20 22 0.0439932
20 23 0.0441326
20 24 0.0441015
20 25 0.0439005
20 26 0.043531
20 27 0.0429949
20 28 0.0422947
20 29 0.0414336
20 30 0.0404152
20 31 0.0392439
20 32 0.0379243
20 33 0.0364619
20 34 0.0348624
20 35 0.0331319
20 36 0.0312773
20 37 0.0293057
20 38 0.0272244
20 39 0.0250415

21 1 0.00735662
21 2 0.0100852
21 3 0.0127726
21 4 0.0154077
21 5 0.01798
21 6 0.0204789
21 7 0.0228946
21 8 0.0252172
21 9 0.0274377
21 10 0.0295472
21 11 0.0315376
21 12 0.0334013
21 13 0.035131
21 14 0.0367203
21 15 0.0381633
21 16 0.0394548
21 17 0.0405902
21 18 0.0415654
21 19 0.0423773
21 20 0.0430231
21 21 0.0435011
21 22 0.0438097
21 23 0.0439486
21 24 0.0439176
21 25 0.0437175
21 26 0.0433495
21 27 0.0428156
21 28 0.0421184
21 29 0.0412608
21 30 0.0402467
21 31 0.0390803
21 32 0.0377662
21 33 0.0363099
21 34 0.034717
21 35 0.0329938
21 36 0.0311469
21 37 0.0291835
21 38 0.0271109
21 39 0.0249371

22 1 0.00728067
22 2 0.00998112
22 3 0.0126407
22 4 0.0152487
22 5 0.0177943
22 6 0.0202675
22 7 0.0226582
22 8 0.0249568
22 9 0.0271544
22 10 0.0292422
22 11 0.031212
22 12 0.0330564
22 13 0.0347683
22 14 0.0363412
22 15 0.0377693
22 16 0.0390475
22 17 0.0401711
22 18 0.0411363
22 19 0.0419398
22 20 0.042579
22 21 0.0430519
22 22 0.0433574
22 23 0.0434948
22 24 0.0434642
22 25 0.0432661
22 26 0.0429019
22 27 0.0423736
22 28 0.0416835
22 29 0.0408348
22 30 0.0398312
22 31 0.0386768
22 32 0.0373763
22 33 0.035935
22 34 0.0343586
22 35 0.0326532
22 36 0.0308254
22 37 0.0288822
22 38 0.026831
22 39 0.0246796

23 1 0.00716017
23 2 0.00981592
23 3 0.0124315
23 4 0.0149963
23 5 0.0174998
23 6 0.0199321
23 7 0.0222832
23 8 0.0245438
23 9 0.026705
23 10 0.0287582
23 11 0.0306955
23 12 0.0325093
23 13 0.0341929
23 14 0.0357397
23 15 0.0371442
23 16 0.0384012
23 17 0.0395063
23 18 0.0404555
23 19 0.0412456
23 20 0.0418743
23 21 0.0423394
23 22 0.0426399
23 23 0.042775
23 24 0.0427448
23 25 0.04255
23 26 0.0421919
23 27 0.0416723
23 28 0.0409936
23 29 0.040159
23 30 0.039172
23 31 0.0380367
23 32 0.0367577
23 33 0.0353403
23 34 0.0337899
23 35 0.0321127
23 36 0.0303152
23 37 0.0284042
23 38 0.026387
23 39 0.0242711

24 1 0.006996
24 2 0.00959086
24 3 0.0121465
24 4 0.0146525
24 5 0.0170986
24 6 0.0194751
24 7 0.0217723
24 8 0.0239811
24 9 0.0260927
24 10 0.0280988
24 11 0.0299917
24 12 0.0317639
24 13 0.0334089
24 14 0.0349203
24 15 0.0362926
24 16 0.0375208
24 17 0.0386005
24 18 0.0395279
24 19 0.0403
24 20 0.0409142
24 21 0.0413687
24 22 0.0416622
24 23 0.0417942
24 24 0.0417648
24 25 0.0415744
24 26 0.0412245
24 27 0.0407168
24 28 0.0400537
24 29 0.0392382
24 30 0.0382738
24 31 0.0371646
24 32 0.0359149
24 33 0.03453
24 34 0.0330152
24 35 0.0313765
24 36 0.0296201
24 37 0.0277529
24 38 0.025782
24 39 0.0237147

25 1 0.00678929
25 2 0.00930748
25 3 0.0117876
25 4 0.0142195
25 5 0.0165934
25 6 0.0188996
25 7 0.021129
25 8 0.0232725
25 9 0.0253217
25 10 0.0272686
25 11 0.0291055
25 12 0.0308254
25 13 0.0324218
25 14 0.0338885
25 15 0.0352203
25 16 0.0364122
25 17 0.0374599
25 18 0.03836
25 19 0.0391092
25 20 0.0397053
25 21 0.0401463
25 22 0.0404312
25 23 0.0405593
25 24 0.0405308
25 25 0.0403461
25 26 0.0400065
25 27 0.0395138
25 28 0.0388703
25 29 0.0380789
25 30 0.037143
25 31 0.0360665
25 32 0.0348538
25 33 0.0335097
25 34 0.0320397
25 35 0.0304494
25 36 0.0287449
25 37 0.0269329
25 38 0.0250202
25 39 0.023014

26 1 0.00654142
26 2 0.00896767
26 3 0.0113572
26 4 0.0137004
26 5 0.0159876
26 6 0.0182096
26 7 0.0203576
26 8 0.0224228
26 9 0.0243972
26 10 0.026273
26 11 0.0280429
26 12 0.0297
26 13 0.031238
26 14 0.0326513
26 15 0.0339344
26 16 0.0350828
26 17 0.0360923
26 18 0.0369595
26 19 0.0376814
26 20 0.0382557
26 21 0.0386806
26 22 0.0389551
26 23 0.0390785
26 24 0.039051
26 25 0.038873
26 26 0.0385458
26 27 0.0380711
26 28 0.0374511
26 29 0.0366886
26 30 0.0357869
26 31 0.0347497
26 32 0.0335813
26 33 0.0322863
26 34 0.0308699
26 35 0.0293377
26 36 0.0276955
26 37 0.0259496
26 38 0.0241067
26 39 0.0221737

27 1 0.00625399
27 2 0.00857364
27 3 0.0108582
27 4 0.0130984
27 5 0.0152851
27 6 0.0174095
27 7 0.0194631
27 8 0.0214376
27 9 0.0233252
27 10 0.0251186
27 11 0.0268107
27 12 0.028395
27 13 0.0298655
27 14 0.0312166
27 15 0.0324433
27 16 0.0335412
27 17 0.0345064
27 18 0.0353355
27 19 0.0360257
27 20 0.0365747
27 21 0.036981
27 22 0.0372434
27 23 0.0373614
27 24 0.0373351
27 25 0.037165
27 26 0.0368522
27 27 0.0363983
27 28 0.0358055
27 29 0.0350765
27 30 0.0342144
27 31 0.0332228
27 32 0.0321057
27 33 0.0308677
27 34 0.0295135
27 35 0.0280486
27 36 0.0264786
27 37 0.0248094
27 38 0.0230475
27 39 0.0211994

28 1 0.00592885
28 2 0.0081279
28 3 0.0102937
28 4 0.0124174
28 5 0.0144904
28 6 0.0165044
28 7 0.0184512
28 8 0.020323
28 9 0.0221126
28 10 0.0238127
28 11 0.0254168
28 12 0.0269187
28 13 0.0283128
28 14 0.0295936
28 15 0.0307566
28 16 0.0317974
28 17 0.0327124
28 18 0.0334984
28 19 0.0341527
28 20 0.0346732
28 21 0.0350584
28 22 0.0353071
28 23 0.035419
28 24 0.0353941
28 25 0.0352328
28 26 0.0349362
28 27 0.034506
28 28 0.033944
28 29 0.0332529
28 30 0.0324356
28 31 0.0314956
28 32 0.0304365
28 33 0.0292629
28 34 0.0279791
28 35 0.0265904
28 36 0.0251019
28 37 0.0235196
28 38 0.0218492
28 39 0.0200973

29 1 0.00556804
29 2 0.00763326
29 3 0.00966725
29 4 0.0116617
29 5 0.0136086
29 6 0.0155
29 7 0.0173283
29 8 0.0190862
29 9 0.0207669
29 10 0.0223635
29 11 0.02387
29 12 0.0252806
29 13 0.0265897
29 14 0.0277927
29 15 0.0288849
29 16 0.0298624
29 17 0.0307217
29 18 0.0314598
29 19 0.0320743
29 20 0.0325631
29 21 0.0329248
29 22 0.0331585
29 23 0.0332636
29 24 0.0332401
29 25 0.0330886
29 26 0.0328101
29 27 0.032406
29 28 0.0318783
29 29 0.0312293
29 30 0.0304617
29 31 0.0295788
29 32 0.0285843
29 33 0.027482
29 34 0.0262764
29 35 0.0249722
29 36 0.0235743
29 37 0.0220882
29 38 0.0205196
29 39 0.0188742

30 1 0.00517381
30 2 0.00709281
30 3 0.00898279
30 4 0.0108361
30 5 0.0126451
30 6 0.0144026
30 7 0.0161014
30 8 0.0177349
30 9 0.0192965
30 10 0.0207801
30 11 0.02218
30 12 0.0234906
30 13 0.0247071
30 14 0.0258249
30 15 0.0268398
30 16 0.027748
30 17 0.0285465
30 18 0.0292324
30 19 0.0298034
30 20 0.0302576
30 21 0.0305937
30 22 0.0308108
30 23 0.0309084
30 24 0.0308866
30 25 0.0307459
30 26 0.0304871
30 27 0.0301116
30 28 0.0296213
30 29 0.0290182
30 30 0.028305
30 31 0.0274846
30 32 0.0265605
30 33 0.0255362
30 34 0.024416
30 35 0.0232041
30 36 0.0219052
30 37 0.0205243
30 38 0.0190667
30 39 0.0175379

31 1 0.0047486
31 2 0.00650988
31 3 0.00824453
31 4 0.00994548
31 5 0.0116058
31 6 0.0132189
31 7 0.0147781
31 8 0.0162773
31 9 0.0177106
31 10 0.0190723
31 11 0.0203571
31 12 0.02156
31 13 0.0226766
31 14 0.0237024
31 15 0.0246339
31 16 0.0254675
31 17 0.0262004
31 18 0.0268299
31 19 0.0273539
31 20 0.0277708
31 21 0.0280793
31 22 0.0282786
31 23 0.0283682
31 24 0.0283482
31 25 0.028219
31 26 0.0279815
31 27 0.0276369
31 28 0.0271868
31 29 0.0266333
31 30 0.0259787
31 31 0.0252257
31 32 0.0243776
31 33 0.0234375
31 34 0.0224093
31 35 0.021297
31 36 0.0201049
31 37 0.0188375
31 38 0.0174997
31 39 0.0160965

32 1 0.00429499
32 2 0.00588803
32 3 0.00745698
32 4 0.00899545
32 5 0.0104972
32 6 0.0119562
32 7 0.0133665
32 8 0.0147225
32 9 0.0160188
32 10 0.0172505
32 11 0.0184125
32 12 0.0195006
32 13 0.0205104
32 14 0.0214383
32 15 0.0222808
32 16 0.0230348
32 17 0.0236976
32 18 0.024267
32 19 0.024741
32 20 0.0251181
32 21 0.0253971
32 22 0.0255773
32 23 0.0256584
32 24 0.0256403
32 25 0.0255234
32 26 0.0253086
32 27 0.0249969
32 28 0.0245898
32 29 0.0240892
32 30 0.0234971
32 31 0.0228161
32 32 0.0220489
32 33 0.0211987
32 34 0.0202687
32 35 0.0192627
32 36 0.0181844
32 37 0.0170381
32 38 0.0158281
32 39 0.0145589

33 1 0.00381576
33 2 0.00523105
33 3 0.00662494
33 4 0.00799175
33 5 0.00932593
33 6 0.0106221
33 7 0.011875
33 8 0.0130798
33 9 0.0142315
33 10 0.0153257
33 11 0.0163581
33 12 0.0173247
33 13 0.0182219
33 14 0.0190462
33 15 0.0197947
33 16 0.0204646
33 17 0.0210535
33 18 0.0215593
33 19 0.0219804
33 20 0.0223154
33 21 0.0225633
33 22 0.0227234
33 23 0.0227954
33 24 0.0227794
33 25 0.0226756
33 26 0.0224847
33 27 0.0222078
33 28 0.0218461
33 29 0.0214013
33 30 0.0208753
33 31 0.0202703
33 32 0.0195887
33 33 0.0188334
33 34 0.0180072
33 35 0.0171134
33 36 0.0161554
33 37 0.015137
33 38 0.014062
33 39 0.0129345

34 1 0.0033138
34 2 0.00454291
34 3 0.00575343
34 4 0.00694043
34 5 0.0080991
34 6 0.00922476
34 7 0.0103129
34 8 0.0113591
34 9 0.0123593
34 10 0.0133096
34 11 0.0142062
34 12 0.0150456
34 13 0.0158248
34 14 0.0165407
34 15 0.0171907
34 16 0.0177725
34 17 0.0182839
34 18 0.0187232
34 19 0.0190889
34 20 0.0193798
34 21 0.0195951
34 22 0.0197341
34 23 0.0197967
34 24 0.0197827
34 25 0.0196926
34 26 0.0195268
34 27 0.0192863
34 28 0.0189723
34 29 0.018586
34 30 0.0181292
34 31 0.0176037
34 32 0.0170118
34 33 0.0163558
34 34 0.0156383
34 35 0.0148621
34 36 0.0140302
34 37 0.0131457
34 38 0.0122121
34 39 0.0112329

35 1 0.00279212
35 2 0.00382773
35 3 0.00484768
35 4 0.00584782
35 5 0.00682409
35 6 0.00777253
35 7 0.00868935
35 8 0.00957088
35 9 0.0104136
35 10 0.0112143
35 11 0.0119697
35 12 0.012677
35 13 0.0133335
35 14 0.0139368
35 15 0.0144844
35 16 0.0149746
35 17 0.0154055
35 18 0.0157757
35 19 0.0160838
35 20 0.0163289
35 21 0.0165103
35 22 0.0166275
35 23 0.0166802
35 24 0.0166684
35 25 0.0165924
35 26 0.0164528
35 27 0.0162501
35 28 0.0159855
35 29 0.01566
35 30 0.0152752
35 31 0.0148324
35 32 0.0143337
35 33 0.013781
35 34 0.0131764
35 35 0.0125224
35 36 0.0118214
35 37 0.0110762
35 38 0.0102896
35 39 0.00946456

36 1 0.00225384
36 2 0.00308981
36 3 0.00391313
36 4 0.00472046
36 5 0.00550851
36 6 0.00627411
36 7 0.00701419
36 8 0.00772577
36 9 0.00840605
36 10 0.00905235
36 11 0.00966216
36 12 0.0102331
36 13 0.0107631
36 14 0.01125
36 15 0.0116921
36 16 0.0120877
36 17 0.0124356
36 18 0.0127344
36 19 0.0129831
36 20 0.013181
36 21 0.0133274
36 22 0.013422
36 23 0.0134645
36 24 0.013455
36 25 0.0133937
36 26 0.0132809
36 27 0.0131174
36 28 0.0129038
36 29 0.012641
36 30 0.0123303
36 31 0.011973
36 32 0.0115704
36 33 0.0111242
36 34 0.0106362
36 35 0.0101083
36 36 0.00954246
36 37 0.00894092
36 38 0.00830595
36 39 0.00763995

37 1 0.00170219
37 2 0.00233354
37 3 0.00295534
37 4 0.00356506
37 5 0.00416023
37 6 0.00473844
37 7 0.00529737
37 8 0.00583479
37 9 0.00634856
37 10 0.00683667
37 11 0.00729722
37 12 0.00772843
37 13 0.00812866
37 14 0.0084964
37 15 0.00883029
37 16 0.00912911
37 17 0.00939181
37 18 0.00961746
37 19 0.00980531
37 20 0.00995475
37 21 0.0100653
37 22 0.0101368
37 23 0.0101689
37 24 0.0101617
37 25 0.0101154
37 26 0.0100303
37 27 0.00990673
37 28 0.0097454
37 29 0.00954698
37 30 0.00931234
37 31 0.00904244
37 32 0.0087384
37 33 0.00840143
37 34 0.00803287
37 35 0.00763415
37 36 0.00720682
37 37 0.00675252
37 38 0.00627296
37 39 0.00576997

38 1 0.00114043
38 2 0.00156342
38 3 0.00198002
38 4 0.00238852
38 5 0.00278727
38 6 0.00317466
38 7 0.00354913
38 8 0.00390919
38 9 0.0042534
38 10 0.00458043
38 11 0.00488899
38 12 0.00517789
38 13 0.00544603
38 14 0.00569241
38 15 0.00591611
38 16 0.00611632
38 17 0.00629232
38 18 0.0064435
38 19 0.00656935
38 20 0.00666948
38 21 0.00674356
38 22 0.00679142
38 23 0.00681294
38 24 0.00680814
38 25 0.00677711
38 26 0.00672007
38 27 0.00663731
38 28 0.00652922
38 29 0.00639628
38 30 0.00623907
38 31 0.00605825
38 32 0.00585455
38 33 0.00562878
38 34 0.00538185
38 35 0.00511472
38 36 0.00482842
38 37 0.00452405
38 38 0.00420275
38 39 0.00386576

39 1 0.00057191
39 2 0.000784034
39 3 0.000992951
39 4 0.00119781
39 5 0.00139778
39 6 0.00159205
39 7 0.00177984
39 8 0.0019604
39 9 0.00213302
39 10 0.00229702
39 11 0.00245176
39 12 0.00259664
39 13 0.00273111
39 14 0.00285467
39 15 0.00296685
39 16 0.00306725
39 17 0.00315551
39 18 0.00323133
39 19 0.00329444
39 20 0.00334465
39 21 0.00338181
39 22 0.0034058
39 23 0.0034166
39 24 0.00341419
39 25 0.00339863
39 26 0.00337002
39 27 0.00332852
39 28 0.00327431
39 29 0.00320765
39 30 0.00312881
39 31 0.00303813
39 32 0.00293597
39 33 0.00282276
39 34 0.00269893
39 35 0.00256496
39 36 0.00242139
39 37 0.00226875
39 38 0.00210762
39 39 0.00193863

