1 1 1.85201e-07
1 2 2.53934e-07
1 3 3.21682e-07
1 4 3.88184e-07
1 5 4.53181e-07
1 6 5.16423e-07
1 7 5.77662e-07
1 8 6.36663e-07
1 9 6.93197e-07
1 10 7.47044e-07
1 11 7.97996e-07
1 12 8.45855e-07
1 13 8.90436e-07
1 14 9.31566e-07
1 15 9.69086e-07
1 16 1.00285e-06
1 17 1.03273e-06
1 18 1.0586e-06
1 19 1.08038e-06
1 20 1.09796e-06
1 21 1.11129e-06
1 22 1.12031e-06
1 23 1.125e-06
1 24 1.12532e-06
1 25 1.12128e-06
1 26 1.11289e-06
1 27 1.1002e-06
1 28 1.08323e-06
1 29 1.06207e-06
1 30 1.0368e-06
1 31 1.0075e-06
1 32 9.74305e-07
1 33 9.3733e-07
1 34 8.96723e-07
1 35 8.52641e-07
1 36 8.05254e-07
1 37 7.54746e-07
1 38 7.01313e-07
1 39 6.45162e-07

2 1 3.6926e-07
2 2 5.06302e-07
2 3 6.41381e-07
2 4 7.73975e-07
2 5 9.03569e-07
2 6 1.02966e-06
2 7 1.15176e-06
2 8 1.2694e-06
2 9 1.38212e-06
2 10 1.48948e-06
2 11 1.59107e-06
2 12 1.68649e-06
2 13 1.77538e-06
2 14 1.85739e-06
2 15 1.9322e-06
2 16 1.99952e-06
2 17 2.05909e-06
2 18 2.11068e-06
2 19 2.15409e-06
2 20 2.18915e-06
2 21 2.21573e-06
2 22 2.23372e-06
2 23 2.24306e-06
2 24 2.2437e-06
2 25 2.23564e-06
2 26 2.21893e-06
2 27 2.19361e-06
2 28 2.15979e-06
2 29 2.1176e-06
2 30 2.0672e-06
2 31 2.0088e-06
2 32 1.9426e-06
2 33 1.86888e-06
2 34 1.78792e-06
2 35 1.70002e-06
2 36 1.60554e-06
2 37 1.50484e-06
2 38 1.3983e-06
2 39 1.28635e-06

3 1 5.51043e-07
3 2 7.55548e-07
3 3 9.57126e-07
3 4 1.15499e-06
3 5 1.34839e-06
3 6 1.53655e-06
3 7 1.71876e-06
3 8 1.89431e-06
3 9 2.06252e-06
3 10 2.22274e-06
3 11 2.37434e-06
3 12 2.51674e-06
3 13 2.64938e-06
3 14 2.77176e-06
3 15 2.8834e-06
3 16 2.98386e-06
3 17 3.07275e-06
3 18 3.14974e-06
3 19 3.21452e-06
3 20 3.26685e-06
3 21 3.30651e-06
3 22 3.33336e-06
3 23 3.34729e-06
3 24 3.34825e-06
3 25 3.33623e-06
3 26 3.31128e-06
3 27 3.2735e-06
3 28 3.22303e-06
3 29 3.16007e-06
3 30 3.08486e-06
3 31 2.9977e-06
3 32 2.89892e-06
3 33 2.78891e-06
3 34 2.66809e-06
3 35 2.53693e-06
3 36 2.39593e-06
3 37 2.24565e-06
3 38 2.08667e-06
3 39 1.9196e-06

4 1 7.29428e-07
4 2 1.00014e-06
4 3 1.26697e-06
4 4 1.52889e-06
4 5 1.78489e-06
4 6 2.03397e-06
4 7 2.27517e-06
4 8 2.50755e-06
4 9 2.73021e-06
4 10 2.94229e-06
4 11 3.14296e-06
4 12 3.33146e-06
4 13 3.50705e-06
4 14 3.66904e-06
4 15 3.81682e-06
4 16 3.9498e-06
4 17 4.06747e-06
4 18 4.16939e-06
4 19 4.25514e-06
4 20 4.3244e-06
4 21 4.3769e-06
4 22 4.41244e-06
4 23 4.43088e-06
4 24 4.43215e-06
4 25 4.41624e-06
4 26 4.38322e-06
4 27 4.3332e-06
4 28 4.2664e-06
4 29 4.18306e-06
4 30 4.08351e-06
4 31 3.96813e-06
4 32 3.83737e-06
4 33 3.69175e-06
4 34 3.53181e-06
4 35 3.35819e-06
4 36 3.17155e-06
4 37 2.97262e-06
4 38 2.76217e-06
4 39 2.54102e-06

5 1 9.03316e-07
5 2 1.23856e-06
5 3 1.569e-06
5 4 1.89336e-06
5 5 2.21039e-06
5 6 2.51885e-06
5 7 2.81754e-06
5 8 3.10532e-06
5 9 3.38106e-06
5 10 3.6437e-06
5 11 3.89222e-06
5 12 4.12565e-06
5 13 4.34309e-06
5 14 4.5437e-06
5 15 4.72671e-06
5 16 4.89139e-06
5 17 5.03712e-06
5 18 5.16332e-06
5 19 5.26952e-06
5 20 5.35529e-06
5 21 5.42031e-06
5 22 5.46432e-06
5 23 5.48716e-06
5 24 5.48873e-06
5 25 5.46903e-06
5 26 5.42813e-06
5 27 5.36619e-06
5 28 5.28346e-06
5 29 5.18026e-06
5 30 5.05697e-06
5 31 4.91409e-06
5 32 4.75216e-06
5 33 4.57182e-06
5 34 4.37376e-06
5 35 4.15875e-06
5 36 3.92762e-06
5 37 3.68126e-06
5 38 3.42065e-06
5 39 3.14677e-06

6 1 1.07164e-06
6 2 1.46935e-06
6 3 1.86136e-06
6 4 2.24616e-06
6 5 2.62226e-06
6 6 2.98819e-06
6 7 3.34255e-06
6 8 3.68395e-06
6 9 4.01107e-06
6 10 4.32264e-06
6 11 4.61747e-06
6 12 4.8944e-06
6 13 5.15236e-06
6 14 5.39035e-06
6 15 5.60745e-06
6 16 5.80282e-06
6 17 5.97571e-06
6 18 6.12543e-06
6 19 6.25141e-06
6 20 6.35317e-06
6 21 6.4303e-06
6 22 6.48251e-06
6 23 6.5096e-06
6 24 6.51147e-06
6 25 6.48809e-06
6 26 6.43957e-06
6 27 6.3661e-06
6 28 6.26795e-06
6 29 6.14551e-06
6 30 5.99926e-06
6 31 5.82975e-06
6 32 5.63765e-06
6 33 5.42371e-06
6 34 5.18874e-06
6 35 4.93366e-06
6 36 4.65947e-06
6 37 4.36721e-06
6 38 4.05803e-06
6 39 3.73312e-06

7 1 1.23335e-06
7 2 1.69107e-06
7 3 2.14224e-06
7 4 2.58511e-06
7 5 3.01796e-06
7 6 3.43912e-06
7 7 3.84694e-06
7 8 4.23986e-06
7 9 4.61635e-06
7 10 4.97494e-06
7 11 5.31425e-06
7 12 5.63297e-06
7 13 5.92986e-06
7 14 6.20377e-06
7 15 6.45363e-06
7 16 6.67848e-06
7 17 6.87745e-06
7 18 7.04977e-06
7 19 7.19476e-06
7 20 7.31187e-06
7 21 7.40065e-06
7 22 7.46074e-06
7 23 7.49192e-06
7 24 7.49406e-06
7 25 7.46716e-06
7 26 7.41132e-06
7 27 7.32676e-06
7 28 7.2138e-06
7 29 7.07289e-06
7 30 6.90456e-06
7 31 6.70947e-06
7 32 6.48839e-06
7 33 6.24215e-06
7 34 5.97173e-06
7 35 5.67816e-06
7 36 5.36259e-06
7 37 5.02623e-06
7 38 4.6704e-06
7 39 4.29646e-06

8 1 1.38745e-06
8 2 1.90237e-06
8 3 2.40992e-06
8 4 2.90812e-06
8 5 3.39506e-06
8 6 3.86884e-06
8 7 4.32762e-06
8 8 4.76963e-06
8 9 5.19316e-06
8 10 5.59656e-06
8 11 5.97827e-06
8 12 6.33682e-06
8 13 6.6708e-06
8 14 6.97893e-06
8 15 7.26002e-06
8 16 7.51296e-06
8 17 7.7368e-06
8 18 7.93064e-06
8 19 8.09375e-06
8 20 8.2255e-06
8 21 8.32536e-06
8 22 8.39297e-06
8 23 8.42804e-06
8 24 8.43045e-06
8 25 8.40019e-06
8 26 8.33737e-06
8 27 8.24224e-06
8 28 8.11517e-06
8 29 7.95665e-06
8 30 7.76729e-06
8 31 7.54783e-06
8 32 7.29912e-06
8 33 7.02212e-06
8 34 6.7179e-06
8 35 6.38765e-06
8 36 6.03265e-06
8 37 5.65426e-06
8 38 5.25397e-06
8 39 4.83331e-06

9 1 1.53301e-06
9 2 2.10195e-06
9 3 2.66274e-06
9 4 3.21321e-06
9 5 3.75123e-06
9 6 4.27471e-06
9 7 4.78162e-06
9 8 5.27e-06
9 9 5.73796e-06
9 10 6.18368e-06
9 11 6.60544e-06
9 12 7.00159e-06
9 13 7.37062e-06
9 14 7.71107e-06
9 15 8.02164e-06
9 16 8.30113e-06
9 17 8.54844e-06
9 18 8.76262e-06
9 19 8.94285e-06
9 20 9.08841e-06
9 21 9.19875e-06
9 22 9.27345e-06
9 23 9.3122e-06
9 24 9.31486e-06
9 25 9.28143e-06
9 26 9.21202e-06
9 27 9.10691e-06
9 28 8.96651e-06
9 29 8.79136e-06
9 30 8.58213e-06
9 31 8.33965e-06
9 32 8.06485e-06
9 33 7.75879e-06
9 34 7.42266e-06
9 35 7.05776e-06
9 36 6.66552e-06
9 37 6.24744e-06
9 38 5.80514e-06
9 39 5.34035e-06

10 1 1.66911e-06
10 2 2.28856e-06
10 3 2.89914e-06
10 4 3.49848e-06
10 5 4.08426e-06
10 6 4.65422e-06
10 7 5.20614e-06
10 8 5.73788e-06
10 9 6.24738e-06
10 10 6.73268e-06
10 11 7.19188e-06
10 12 7.6232e-06
10 13 8.02499e-06
10 14 8.39567e-06
10 15 8.73381e-06
10 16 9.03811e-06
10 17 9.30738e-06
10 18 9.54058e-06
10 19 9.7368e-06
10 20 9.89529e-06
10 21 1.00154e-05
10 22 1.00968e-05
10 23 1.01389e-05
10 24 1.01418e-05
10 25 1.01054e-05
10 26 1.00299e-05
10 27 9.91543e-06
10 28 9.76257e-06
10 29 9.57186e-06
10 30 9.34407e-06
10 31 9.08005e-06
10 32 8.78085e-06
10 33 8.44762e-06
10 34 8.08165e-06
10 35 7.68436e-06
10 36 7.25729e-06
10 37 6.80209e-06
10 38 6.32053e-06
10 39 5.81448e-06

11 1 1.79492e-06
11 2 2.46106e-06
11 3 3.11766e-06
11 4 3.76218e-06
11 5 4.39212e-06
11 6 5.00504e-06
11 7 5.59856e-06
11 8 6.17038e-06
11 9 6.71829e-06
11 10 7.24016e-06
11 11 7.73397e-06
11 12 8.19781e-06
11 13 8.62988e-06
11 14 9.0285e-06
11 15 9.39214e-06
11 16 9.71937e-06
11 17 1.00089e-05
11 18 1.02597e-05
11 19 1.04707e-05
11 20 1.06412e-05
11 21 1.07704e-05
11 22 1.08578e-05
11 23 1.09032e-05
11 24 1.09063e-05
11 25 1.08672e-05
11 26 1.07859e-05
11 27 1.06628e-05
11 28 1.04984e-05
11 29 1.02934e-05
11 30 1.00484e-05
11 31 9.76448e-06
11 32 9.44272e-06
11 33 9.08437e-06
11 34 8.69082e-06
11 35 8.26358e-06
11 36 7.80432e-06
11 37 7.31481e-06
11 38 6.79695e-06
11 39 6.25275e-06

12 1 1.90967e-06
12 2 2.61839e-06
12 3 3.31697e-06
12 4 4.00269e-06
12 5 4.6729e-06
12 6 5.325e-06
12 7 5.95646e-06
12 8 6.56484e-06
12 9 7.14777e-06
12 10 7.70301e-06
12 11 8.22839e-06
12 12 8.72188e-06
12 13 9.18157e-06
12 14 9.60568e-06
12 15 9.99256e-06
12 16 1.03407e-05
12 17 1.06488e-05
12 18 1.09156e-05
12 19 1.11401e-05
12 20 1.13214e-05
12 21 1.14589e-05
12 22 1.15519e-05
12 23 1.16002e-05
12 24 1.16035e-05
12 25 1.15619e-05
12 26 1.14754e-05
12 27 1.13445e-05
12 28 1.11696e-05
12 29 1.09514e-05
12 30 1.06908e-05
12 31 1.03887e-05
12 32 1.00464e-05
12 33 9.66512e-06
12 34 9.2464e-06
12 35 8.79185e-06
12 36 8.30323e-06
12 37 7.78243e-06
12 38 7.23146e-06
12 39 6.65247e-06

13 1 2.01264e-06
13 2 2.75958e-06
13 3 3.49582e-06
13 4 4.21852e-06
13 5 4.92487e-06
13 6 5.61213e-06
13 7 6.27764e-06
13 8 6.91882e-06
13 9 7.53319e-06
13 10 8.11836e-06
13 11 8.67207e-06
13 12 9.19217e-06
13 13 9.67665e-06
13 14 1.01236e-05
13 15 1.05314e-05
13 16 1.08983e-05
13 17 1.1223e-05
13 18 1.15042e-05
13 19 1.17408e-05
13 20 1.19319e-05
13 21 1.20768e-05
13 22 1.21748e-05
13 23 1.22257e-05
13 24 1.22292e-05
13 25 1.21853e-05
13 26 1.20942e-05
13 27 1.19562e-05
13 28 1.17719e-05
13 29 1.15419e-05
13 30 1.12672e-05
13 31 1.09489e-05
13 32 1.05881e-05
13 33 1.01863e-05
13 34 9.74498e-06
13 35 9.26592e-06
13 36 8.75095e-06
13 37 8.20206e-06
13 38 7.62139e-06
13 39 7.01118e-06

14 1 2.1032e-06
14 2 2.88375e-06
14 3 3.65313e-06
14 4 4.40834e-06
14 5 5.14647e-06
14 6 5.86466e-06
14 7 6.56012e-06
14 8 7.23015e-06
14 9 7.87216e-06
14 10 8.48367e-06
14 11 9.06229e-06
14 12 9.6058e-06
14 13 1.01121e-05
14 14 1.05792e-05
14 15 1.10052e-05
14 16 1.13887e-05
14 17 1.1728e-05
14 18 1.20218e-05
14 19 1.22691e-05
14 20 1.24688e-05
14 21 1.26202e-05
14 22 1.27227e-05
14 23 1.27758e-05
14 24 1.27795e-05
14 25 1.27336e-05
14 26 1.26384e-05
14 27 1.24942e-05
14 28 1.23016e-05
14 29 1.20613e-05
14 30 1.17742e-05
14 31 1.14415e-05
14 32 1.10645e-05
14 33 1.06446e-05
14 34 1.01835e-05
14 35 9.68286e-06
14 36 9.14472e-06
14 37 8.57113e-06
14 38 7.96433e-06
14 39 7.32667e-06

15 1 2.1808e-06
15 2 2.99015e-06
15 3 3.78791e-06
15 4 4.57098e-06
15 5 5.33635e-06
15 6 6.08103e-06
15 7 6.80215e-06
15 8 7.4969e-06
15 9 8.1626e-06
15 10 8.79667e-06
15 11 9.39664e-06
15 12 9.96019e-06
15 13 1.04852e-05
15 14 1.09695e-05
15 15 1.14113e-05
15 16 1.18089e-05
15 17 1.21607e-05
15 18 1.24654e-05
15 19 1.27217e-05
15 20 1.29288e-05
15 21 1.30858e-05
15 22 1.3192e-05
15 23 1.32472e-05
15 24 1.3251e-05
15 25 1.32034e-05
15 26 1.31047e-05
15 27 1.29551e-05
15 28 1.27554e-05
15 29 1.25062e-05
15 30 1.22086e-05
15 31 1.18637e-05
15 32 1.14727e-05
15 33 1.10373e-05
15 34 1.05592e-05
15 35 1.00401e-05
15 36 9.4821e-06
15 37 8.88736e-06
15 38 8.25817e-06
15 39 7.59698e-06

16 1 2.24495e-06
16 2 3.0781e-06
16 3 3.89933e-06
16 4 4.70545e-06
16 5 5.49332e-06
16 6 6.25991e-06
16 7 7.00224e-06
16 8 7.71743e-06
16 9 8.40271e-06
16 10 9.05543e-06
16 11 9.67305e-06
16 12 1.02532e-05
16 13 1.07936e-05
16 14 1.12921e-05
16 15 1.1747e-05
16 16 1.21562e-05
16 17 1.25184e-05
16 18 1.2832e-05
16 19 1.3096e-05
16 20 1.33091e-05
16 21 1.34707e-05
16 22 1.35801e-05
16 23 1.36369e-05
16 24 1.36408e-05
16 25 1.35918e-05
16 26 1.34901e-05
16 27 1.33362e-05
16 28 1.31306e-05
16 29 1.28741e-05
16 30 1.25677e-05
16 31 1.22126e-05
16 32 1.18102e-05
16 33 1.1362e-05
16 34 1.08698e-05
16 35 1.03354e-05
16 36 9.76103e-06
16 37 9.14879e-06
16 38 8.5011e-06
16 39 7.82045e-06

17 1 2.29526e-06
17 2 3.14709e-06
17 3 3.98672e-06
17 4 4.8109e-06
17 5 5.61643e-06
17 6 6.4002e-06
17 7 7.15916e-06
17 8 7.89038e-06
17 9 8.59102e-06
17 10 9.25836e-06
17 11 9.88983e-06
17 12 1.0483e-05
17 13 1.10355e-05
17 14 1.15452e-05
17 15 1.20102e-05
17 16 1.24287e-05
17 17 1.27989e-05
17 18 1.31196e-05
17 19 1.33895e-05
17 20 1.36074e-05
17 21 1.37726e-05
17 22 1.38844e-05
17 23 1.39425e-05
17 24 1.39464e-05
17 25 1.38964e-05
17 26 1.37925e-05
17 27 1.36351e-05
17 28 1.34249e-05
17 29 1.31626e-05
17 30 1.28494e-05
17 31 1.24863e-05
17 32 1.20749e-05
17 33 1.16167e-05
17 34 1.11134e-05
17 35 1.05671e-05
17 36 9.97978e-06
17 37 9.35382e-06
17 38 8.69161e-06
17 39 7.99571e-06

18 1 2.33142e-06
18 2 3.19666e-06
18 3 4.04952e-06
18 4 4.88668e-06
18 5 5.70491e-06
18 6 6.50102e-06
18 7 7.27195e-06
18 8 8.01468e-06
18 9 8.72636e-06
18 10 9.40422e-06
18 11 1.00456e-05
18 12 1.06481e-05
18 13 1.12093e-05
18 14 1.17271e-05
18 15 1.21994e-05
18 16 1.26245e-05
18 17 1.30006e-05
18 18 1.33263e-05
18 19 1.36004e-05
18 20 1.38218e-05
18 21 1.39896e-05
18 22 1.41032e-05
18 23 1.41621e-05
18 24 1.41662e-05
18 25 1.41153e-05
18 26 1.40097e-05
18 27 1.38499e-05
18 28 1.36364e-05
18 29 1.337e-05
18 30 1.30518e-05
18 31 1.2683e-05
18 32 1.22651e-05
18 33 1.17997e-05
18 34 1.12885e-05
18 35 1.07335e-05
18 36 1.0137e-05
18 37 9.50117e-06
18 38 8.82853e-06
18 39 8.12167e-06

19 1 2.3532e-06
19 2 3.22653e-06
19 3 4.08736e-06
19 4 4.93235e-06
19 5 5.75822e-06
19 6 6.56177e-06
19 7 7.33989e-06
19 8 8.08957e-06
19 9 8.8079e-06
19 10 9.49209e-06
19 11 1.01395e-05
19 12 1.07476e-05
19 13 1.13141e-05
19 14 1.18367e-05
19 15 1.23134e-05
19 16 1.27424e-05
19 17 1.3122e-05
19 18 1.34508e-05
19 19 1.37275e-05
19 20 1.39509e-05
19 21 1.41203e-05
19 22 1.42349e-05
19 23 1.42944e-05
19 24 1.42985e-05
19 25 1.42472e-05
19 26 1.41407e-05
19 27 1.39793e-05
19 28 1.37638e-05
19 29 1.34949e-05
19 30 1.31738e-05
19 31 1.28016e-05
19 32 1.23797e-05
19 33 1.19099e-05
19 34 1.13939e-05
19 35 1.08338e-05
19 36 1.02317e-05
19 37 9.58995e-06
19 38 8.91103e-06
19 39 8.19756e-06

20 1 2.36048e-06
20 2 3.23651e-06
20 3 4.1e-06
20 4 4.9476e-06
20 5 5.77602e-06
20 6 6.58206e-06
20 7 7.36259e-06
20 8 8.11459e-06
20 9 8.83513e-06
20 10 9.52144e-06
20 11 1.01708e-05
20 12 1.07808e-05
20 13 1.1349e-05
20 14 1.18733e-05
20 15 1.23515e-05
20 16 1.27818e-05
20 17 1.31626e-05
20 18 1.34924e-05
20 19 1.37699e-05
20 20 1.39941e-05
20 21 1.4164e-05
20 22 1.4279e-05
20 23 1.43386e-05
20 24 1.43427e-05
20 25 1.42913e-05
20 26 1.41844e-05
20 27 1.40225e-05
20 28 1.38064e-05
20 29 1.35367e-05
20 30 1.32145e-05
20 31 1.28411e-05
20 32 1.2418e-05
20 33 1.19467e-05
20 34 1.14292e-05
20 35 1.08673e-05
20 36 1.02634e-05
20 37 9.61961e-06
20 38 8.93858e-06
20 39 8.22291e-06

21 1 2.3532e-06
21 2 3.22653e-06
21 3 4.08736e-06
21 4 4.93235e-06
21 5 5.75822e-06
21 6 6.56177e-06
21 7 7.33989e-06
21 8 8.08957e-06
21 9 8.8079e-06
21 10 9.49209e-06
21 11 1.01395e-05
21 12 1.07476e-05
21 13 1.13141e-05
21 14 1.18367e-05
21 15 1.23134e-05
21 16 1.27424e-05
21 17 1.3122e-05
21 18 1.34508e-05
21 19 1.37275e-05
21 20 1.39509e-05
21 21 1.41203e-05
21 22 1.42349e-05
21 23 1.42944e-05
21 24 1.42985e-05
21 25 1.42472e-05
21 26 1.41407e-05
21 27 1.39793e-05
21 28 1.37638e-05
21 29 1.34949e-05
21 30 1.31738e-05
21 31 1.28016e-05
21 32 1.23797e-05
21 33 1.19099e-05
21 34 1.13939e-05
21 35 1.08338e-05
21 36 1.02317e-05
21 37 9.58995e-06
21 38 8.91103e-06
21 39 8.19756e-06

22 1 2.33142e-06
22 2 3.19666e-06
22 3 4.04952e-06
22 4 4.88668e-06
22 5 5.70491e-06
22 6 6.50102e-06
22 7 7.27195e-06
22 8 8.01468e-06
22 9 8.72636e-06
22 10 9.40422e-06
22 11 1.00456e-05
22 12 1.06481e-05
22 13 1.12093e-05
22 14 1.17271e-05
22 15 1.21994e-05
22 16 1.26245e-05
22 17 1.30006e-05
22 18 1.33263e-05
22 19 1.36004e-05
22 20 1.38218e-05
22 21 1.39896e-05
22 22 1.41032e-05
22 23 1.41621e-05
22 24 1.41662e-05
22 25 1.41153e-05
22 26 1.40097e-05
22 27 1.38499e-05
22 28 1.36364e-05
22 29 1.337e-05
22 30 1.30518e-05
22 31 1.2683e-05
22 32 1.22651e-05
22 33 1.17997e-05
22 34 1.12885e-05
22 35 1.07335e-05
22 36 1.0137e-05
22 37 9.50117e-06
22 38 8.82853e-06
22 39 8.12167e-06

23 1 2.29526e-06
23 2 3.14709e-06
23 3 3.98672e-06
23 4 4.8109e-06
23 5 5.61643e-06
23 6 6.4002e-06
23 7 7.15916e-06
23 8 7.89038e-06
23 9 8.59102e-06
23 10 9.25836e-06
23 11 9.88983e-06
23 12 1.0483e-05
23 13 1.10355e-05
23 14 1.15452e-05
23 15 1.20102e-05
23 16 1.24287e-05
23 17 1.27989e-05
23 18 1.31196e-05
23 19 1.33895e-05
23 20 1.36074e-05
23 21 1.37726e-05
23 22 1.38844e-05
23 23 1.39425e-05
23 24 1.39464e-05
23 25 1.38964e-05
23 26 1.37925e-05
23 27 1.36351e-05
23 28 1.34249e-05
23 29 1.31626e-05
23 30 1.28494e-05
23 31 1.24863e-05
23 32 1.20749e-05
23 33 1.16167e-05
23 34 1.11134e-05
23 35 1.05671e-05
23 36 9.97978e-06
23 37 9.35382e-06
23 38 8.69161e-06
23 39 7.99571e-06

24 1 2.24495e-06
24 2 3.0781e-06
24 3 3.89933e-06
24 4 4.70545e-06
24 5 5.49332e-06
24 6 6.25991e-06
24 7 7.00224e-06
24 8 7.71743e-06
24 9 8.40271e-06
24 10 9.05543e-06
24 11 9.67305e-06
24 12 1.02532e-05
24 13 1.07936e-05
24 14 1.12921e-05
24 15 1.1747e-05
24 16 1.21562e-05
24 17 1.25184e-05
24 18 1.2832e-05
24 19 1.3096e-05
24 20 1.33091e-05
24 21 1.34707e-05
24 22 1.35801e-05
24 23 1.36369e-05
24 24 1.36408e-05
24 25 1.35918e-05
24 26 1.34901e-05
24 27 1.33362e-05
24 28 1.31306e-05
24 29 1.28741e-05
24 30 1.25677e-05
24 31 1.22126e-05
24 32 1.18102e-05
24 33 1.1362e-05
24 34 1.08698e-05
24 35 1.03354e-05
24 36 9.76103e-06
24 37 9.14879e-06
24 38 8.5011e-06
24 39 7.82045e-06

25 1 2.1808e-06
25 2 2.99015e-06
25 3 3.78791e-06
25 4 4.57098e-06
25 5 5.33635e-06
25 6 6.08103e-06
25 7 6.80215e-06
25 8 7.4969e-06
25 9 8.1626e-06
25 10 8.79667e-06
25 11 9.39664e-06
25 12 9.96019e-06
25 13 1.04852e-05
25 14 1.09695e-05
25 15 1.14113e-05
25 16 1.18089e-05
25 17 1.21607e-05
25 18 1.24654e-05
25 19 1.27217e-05
25 20 1.29288e-05
25 21 1.30858e-05
25 22 1.3192e-05
25 23 1.32472e-05
25 24 1.3251e-05
25 25 1.32034e-05
25 26 1.31047e-05
25 27 1.29551e-05
25 28 1.27554e-05
25 29 1.25062e-05
25 30 1.22086e-05
25 31 1.18637e-05
25 32 1.14727e-05
25 33 1.10373e-05
25 34 1.05592e-05
25 35 1.00401e-05
25 36 9.4821e-06
25 37 8.88736e-06
25 38 8.25817e-06
25 39 7.59698e-06

26 1 2.1032e-06
26 2 2.88375e-06
26 3 3.65313e-06
26 4 4.40834e-06
26 5 5.14647e-06
26 6 5.86466e-06
26 7 6.56012e-06
26 8 7.23015e-06
26 9 7.87216e-06
26 10 8.48367e-06
26 11 9.06229e-06
26 12 9.6058e-06
26 13 1.01121e-05
26 14 1.05792e-05
26 15 1.10052e-05
26 16 1.13887e-05
26 17 1.1728e-05
26 18 1.20218e-05
26 19 1.22691e-05
26 20 1.24688e-05
26 21 1.26202e-05
26 22 1.27227e-05
26 23 1.27758e-05
26 24 1.27795e-05
26 25 1.27336e-05
26 26 1.26384e-05
26 27 1.24942e-05
26 28 1.23016e-05
26 29 1.20613e-05
26 30 1.17742e-05
26 31 1.14415e-05
26 32 1.10645e-05
26 33 1.06446e-05
26 34 1.01835e-05
26 35 9.68286e-06
26 36 9.14472e-06
26 37 8.57113e-06
26 38 7.96433e-06
26 39 7.32667e-06

27 1 2.01264e-06
27 2 2.75958e-06
27 3 3.49582e-06
27 4 4.21852e-06
27 5 4.92487e-06
27 6 5.61213e-06
27 7 6.27764e-06
27 8 6.91882e-06
27 9 7.53319e-06
27 10 8.11836e-06
27 11 8.67207e-06
27 12 9.19217e-06
27 13 9.67665e-06
27 14 1.01236e-05
27 15 1.05314e-05
27 16 1.08983e-05
27 17 1.1223e-05
27 18 1.15042e-05
27 19 1.17408e-05
27 20 1.19319e-05
27 21 1.20768e-05
27 22 1.21748e-05
27 23 1.22257e-05
27 24 1.22292e-05
27 25 1.21853e-05
27 26 1.20942e-05
27 27 1.19562e-05
27 28 1.17719e-05
27 29 1.15419e-05
27 30 1.12672e-05
27 31 1.09489e-05
27 32 1.05881e-05
27 33 1.01863e-05
27 34 9.74498e-06
27 35 9.26592e-06
27 36 8.75095e-06
27 37 8.20206e-06
27 38 7.62139e-06
27 39 7.01118e-06

28 1 1.90967e-06
28 2 2.61839e-06
28 3 3.31697e-06
28 4 4.00269e-06
28 5 4.6729e-06
28 6 5.325e-06
28 7 5.95646e-06
28 8 6.56484e-06
28 9 7.14777e-06
28 10 7.70301e-06
28 11 8.22839e-06
28 12 8.72188e-06
28 13 9.18157e-06
28 14 9.60568e-06
28 15 9.99256e-06
28 16 1.03407e-05
28 17 1.06488e-05
28 18 1.09156e-05
28 19 1.11401e-05
28 20 1.13214e-05
28 21 1.14589e-05
28 22 1.15519e-05
28 23 1.16002e-05
28 24 1.16035e-05
28 25 1.15619e-05
28 26 1.14754e-05
28 27 1.13445e-05
28 28 1.11696e-05
28 29 1.09514e-05
28 30 1.06908e-05
28 31 1.03887e-05
28 32 1.00464e-05
28 33 9.66512e-06
28 34 9.2464e-06
28 35 8.79185e-06
28 36 8.30323e-06
28 37 7.78243e-06
28 38 7.23146e-06
28 39 6.65247e-06

29 1 1.79492e-06
29 2 2.46106e-06
29 3 3.11766e-06
29 4 3.76218e-06
29 5 4.39212e-06
29 6 5.00504e-06
29 7 5.59856e-06
29 8 6.17038e-06
29 9 6.71829e-06
29 10 7.24016e-06
29 11 7.73397e-06
29 12 8.19781e-06
29 13 8.62988e-06
29 14 9.0285e-06
29 15 9.39214e-06
29 16 9.71937e-06
29 17 1.00089e-05
29 18 1.02597e-05
29 19 1.04707e-05
29 20 1.06412e-05
29 21 1.07704e-05
29 22 1.08578e-05
29 23 1.09032e-05
29 24 1.09063e-05
29 25 1.08672e-05
29 26 1.07859e-05
29 27 1.06628e-05
29 28 1.04984e-05
29 29 1.02934e-05
29 30 1.00484e-05
29 31 9.76448e-06
29 32 9.44272e-06
29 33 9.08437e-06
29 34 8.69082e-06
29 35 8.26358e-06
29 36 7.80432e-06
29 37 7.31481e-06
29 38 6.79695e-06
29 39 6.25275e-06

30 1 1.66911e-06
30 2 2.28856e-06
30 3 2.89914e-06
30 4 3.49848e-06
30 5 4.08426e-06
30 6 4.65422e-06
30 7 5.20614e-06
30 8 5.73788e-06
30 9 6.24738e-06
30 10 6.73268e-06
30 11 7.19188e-06
30 12 7.6232e-06
30 13 8.02499e-06
30 14 8.39567e-06
30 15 8.73381e-06
30 16 9.03811e-06
30 17 9.30738e-06
30 18 9.54058e-06
30 19 9.7368e-06
30 20 9.89529e-06
30 21 1.00154e-05
30 22 1.00968e-05
30 23 1.01389e-05
30 24 1.01418e-05
30 25 1.01054e-05
30 26 1.00299e-05
30 27 9.91543e-06
30 28 9.76257e-06
30 29 9.57186e-06
30 30 9.34407e-06
30 31 9.08005e-06
30 32 8.78085e-06
30 33 8.44762e-06
30 34 8.08165e-06
30 35 7.68436e-06
30 36 7.25729e-06
30 37 6.80209e-06
30 38 6.32053e-06
30 39 5.81448e-06

31 1 1.53301e-06
31 2 2.10195e-06
31 3 2.66274e-06
31 4 3.21321e-06
31 5 3.75123e-06
31 6 4.27471e-06
31 7 4.78162e-06
31 8 5.27e-06
31 9 5.73796e-06
31 10 6.18368e-06
31 11 6.60544e-06
31 12 7.00159e-06
31 13 7.37062e-06
31 14 7.71107e-06
31 15 8.02164e-06
31 16 8.30113e-06
31 17 8.54844e-06
31 18 8.76262e-06
31 19 8.94285e-06
31 20 9.08841e-06
31 21 9.19875e-06
31 22 9.27345e-06
31 23 9.3122e-06
31 24 9.31486e-06
31 25 9.28143e-06
31 26 9.21202e-06
31 27 9.10691e-06
31 28 8.96651e-06
31 29 8.79136e-06
31 30 8.58213e-06
31 31 8.33965e-06
31 32 8.06485e-06
31 33 7.75879e-06
31 34 7.42266e-06
31 35 7.05776e-06
31 36 6.66552e-06
31 37 6.24744e-06
31 38 5.80514e-06
31 39 5.34035e-06

32 1 1.38745e-06
32 2 1.90237e-06
32 3 2.40992e-06
32 4 2.90812e-06
32 5 3.39506e-06
32 6 3.86884e-06
32 7 4.32762e-06
32 8 4.76963e-06
32 9 5.19316e-06
32 10 5.59656e-06
32 11 5.97827e-06
32 12 6.33682e-06
32 13 6.6708e-06
32 14 6.97893e-06
32 15 7.26002e-06
32 16 7.51296e-06
32 17 7.7368e-06
32 18 7.93064e-06
32 19 8.09375e-06
32 20 8.2255e-06
32 21 8.32536e-06
32 22 8.39296e-06
32 23 8.42804e-06
32 24 8.43045e-06
32 25 8.40019e-06
32 26 8.33737e-06
32 27 8.24224e-06
32 28 8.11517e-06
32 29 7.95665e-06
32 30 7.76729e-06
32 31 7.54783e-06
32 32 7.29912e-06
32 33 7.02212e-06
32 34 6.7179e-06
32 35 6.38765e-06
32 36 6.03265e-06
32 37 5.65426e-06
32 38 5.25397e-06
32 39 4.83331e-06

33 1 1.23335e-06
33 2 1.69107e-06
33 3 2.14224e-06
33 4 2.58511e-06
33 5 3.01796e-06
33 6 3.43912e-06
33 7 3.84694e-06
33 8 4.23986e-06
33 9 4.61635e-06
33 10 4.97494e-06
33 11 5.31425e-06
33 12 5.63297e-06
33 13 5.92986e-06
33 14 6.20377e-06
33 15 6.45363e-06
33 16 6.67848e-06
33 17 6.87745e-06
33 18 7.04977e-06
33 19 7.19476e-06
33 20 7.31187e-06
33 21 7.40065e-06
33 22 7.46074e-06
33 23 7.49192e-06
33 24 7.49406e-06
33 25 7.46716e-06
33 26 7.41132e-06
33 27 7.32676e-06
33 28 7.2138e-06
33 29 7.07288e-06
33 30 6.90456e-06
33 31 6.70947e-06
33 32 6.48839e-06
33 33 6.24215e-06
33 34 5.97173e-06
33 35 5.67816e-06
33 36 5.36259e-06
33 37 5.02623e-06
33 38 4.6704e-06
33 39 4.29646e-06

34 1 1.07164e-06
34 2 1.46935e-06
34 3 1.86136e-06
34 4 2.24616e-06
34 5 2.62226e-06
34 6 2.98819e-06
34 7 3.34255e-06
34 8 3.68395e-06
34 9 4.01107e-06
34 10 4.32264e-06
34 11 4.61747e-06
34 12 4.8944e-06
34 13 5.15236e-06
34 14 5.39035e-06
34 15 5.60745e-06
34 16 5.80282e-06
34 17 5.97571e-06
34 18 6.12543e-06
34 19 6.25141e-06
34 20 6.35317e-06
34 21 6.4303e-06
34 22 6.48251e-06
34 23 6.5096e-06
34 24 6.51147e-06
34 25 6.48809e-06
34 26 6.43957e-06
34 27 6.3661e-06
34 28 6.26795e-06
34 29 6.14551e-06
34 30 5.99926e-06
34 31 5.82975e-06
34 32 5.63765e-06
34 33 5.42371e-06
34 34 5.18874e-06
34 35 4.93366e-06
34 36 4.65947e-06
34 37 4.36721e-06
34 38 4.05803e-06
34 39 3.73312e-06

35 1 9.03316e-07
35 2 1.23856e-06
35 3 1.569e-06
35 4 1.89336e-06
35 5 2.21039e-06
35 6 2.51885e-06
35 7 2.81754e-06
35 8 3.10532e-06
35 9 3.38106e-06
35 10 3.6437e-06
35 11 3.89222e-06
35 12 4.12565e-06
35 13 4.34309e-06
35 14 4.5437e-06
35 15 4.72671e-06
35 16 4.89139e-06
35 17 5.03712e-06
35 18 5.16332e-06
35 19 5.26952e-06
35 20 5.35529e-06
35 21 5.42031e-06
35 22 5.46432e-06
35 23 5.48716e-06
35 24 5.48873e-06
35 25 5.46903e-06
35 26 5.42813e-06
35 27 5.36619e-06
35 28 5.28346e-06
35 29 5.18026e-06
35 30 5.05697e-06
35 31 4.91409e-06
35 32 4.75216e-06
35 33 4.57182e-06
35 34 4.37376e-06
35 35 4.15875e-06
35 36 3.92762e-06
35 37 3.68126e-06
35 38 3.42065e-06
35 39 3.14677e-06

36 1 7.29428e-07
36 2 1.00014e-06
36 3 1.26697e-06
36 4 1.52889e-06
36 5 1.78489e-06
36 6 2.03397e-06
36 7 2.27517e-06
36 8 2.50755e-06
36 9 2.73021e-06
36 10 2.94229e-06
36 11 3.14296e-06
36 12 3.33146e-06
36 13 3.50705e-06
36 14 3.66904e-06
36 15 3.81682e-06
36 16 3.9498e-06
36 17 4.06747e-06
36 18 4.16939e-06
36 19 4.25514e-06
36 20 4.3244e-06
36 21 4.3769e-06
36 22 4.41244e-06
36 23 4.43088e-06
36 24 4.43215e-06
36 25 4.41624e-06
36 26 4.38322e-06
36 27 4.3332e-06
36 28 4.2664e-06
36 29 4.18306e-06
36 30 4.08351e-06
36 31 3.96813e-06
36 32 3.83737e-06
36 33 3.69175e-06
36 34 3.53181e-06
36 35 3.35819e-06
36 36 3.17155e-06
36 37 2.97262e-06
36 38 2.76217e-06
36 39 2.54102e-06

37 1 5.51043e-07
37 2 7.55548e-07
37 3 9.57126e-07
37 4 1.15499e-06
37 5 1.34839e-06
37 6 1.53655e-06
37 7 1.71876e-06
37 8 1.89431e-06
37 9 2.06252e-06
37 10 2.22274e-06
37 11 2.37434e-06
37 12 2.51674e-06
37 13 2.64938e-06
37 14 2.77176e-06
37 15 2.8834e-06
37 16 2.98386e-06
37 17 3.07275e-06
37 18 3.14974e-06
37 19 3.21452e-06
37 20 3.26685e-06
37 21 3.30651e-06
37 22 3.33336e-06
37 23 3.34729e-06
37 24 3.34825e-06
37 25 3.33623e-06
37 26 3.31128e-06
37 27 3.2735e-06
37 28 3.22303e-06
37 29 3.16007e-06
37 30 3.08486e-06
37 31 2.9977e-06
37 32 2.89892e-06
37 33 2.78891e-06
37 34 2.66809e-06
37 35 2.53693e-06
37 36 2.39593e-06
37 37 2.24565e-06
37 38 2.08667e-06
37 39 1.9196e-06

38 1 3.6926e-07
38 2 5.06302e-07
38 3 6.41381e-07
38 4 7.73975e-07
38 5 9.03569e-07
38 6 1.02966e-06
38 7 1.15176e-06
38 8 1.2694e-06
38 9 1.38212e-06
38 10 1.48948e-06
38 11 1.59107e-06
38 12 1.68649e-06
38 13 1.77538e-06
38 14 1.85739e-06
38 15 1.9322e-06
38 16 1.99952e-06
38 17 2.05909e-06
38 18 2.11068e-06
38 19 2.15409e-06
38 20 2.18915e-06
38 21 2.21573e-06
38 22 2.23372e-06
38 23 2.24306e-06
38 24 2.2437e-06
38 25 2.23564e-06
38 26 2.21893e-06
38 27 2.19361e-06
38 28 2.15979e-06
38 29 2.1176e-06
38 30 2.0672e-06
38 31 2.0088e-06
38 32 1.9426e-06
38 33 1.86888e-06
38 34 1.78792e-06
38 35 1.70002e-06
38 36 1.60554e-06
38 37 1.50484e-06
38 38 1.3983e-06
38 39 1.28635e-06

39 1 1.85201e-07
39 2 2.53934e-07
39 3 3.21682e-07
39 4 3.88184e-07
39 5 4.53181e-07
39 6 5.16423e-07
39 7 5.77662e-07
39 8 6.36663e-07
39 9 6.93197e-07
39 10 7.47044e-07
39 11 7.97996e-07
39 12 8.45855e-07
39 13 8.90436e-07
39 14 9.31566e-07
39 15 9.69086e-07
39 16 1.00285e-06
39 17 1.03273e-06
39 18 1.0586e-06
39 19 1.08038e-06
39 20 1.09796e-06
39 21 1.11129e-06
39 22 1.12031e-06
39 23 1.125e-06
39 24 1.12532e-06
39 25 1.12128e-06
39 26 1.11289e-06
39 27 1.1002e-06
39 28 1.08323e-06
39 29 1.06207e-06
39 30 1.0368e-06
39 31 1.0075e-06
39 32 9.74305e-07
39 33 9.3733e-07
39 34 8.96723e-07
39 35 8.52641e-07
39 36 8.05253e-07
39 37 7.54746e-07
39 38 7.01313e-07
39 39 6.45162e-07

