1 1 2.80652e-05
1 2 3.84807e-05
1 3 4.8747e-05
1 4 5.88241e-05
1 5 6.86731e-05
1 6 7.82556e-05
1 7 8.75346e-05
1 8 9.6474e-05
1 9 0.000105039
1 10 0.000113197
1 11 0.000120916
1 12 0.000128165
1 13 0.000134918
1 14 0.000141148
1 15 0.00014683
1 16 0.000151943
1 17 0.000156466
1 18 0.000160383
1 19 0.000163679
1 20 0.00016634
1 21 0.000168356
1 22 0.000169719
1 23 0.000170425
1 24 0.00017047
1 25 0.000169855
1 26 0.000168581
1 27 0.000166655
1 28 0.000164082
1 29 0.000160874
1 30 0.000157043
1 31 0.000152604
1 32 0.000147573
1 33 0.000141971
1 34 0.000135818
1 35 0.00012914
1 36 0.000121962
1 37 0.000114311
1 38 0.000106218
1 39 9.77135e-05

2 1 5.59573e-05
2 2 7.67241e-05
2 3 9.71934e-05
2 4 0.000117286
2 5 0.000136923
2 6 0.000156029
2 7 0.000174529
2 8 0.000192353
2 9 0.000209431
2 10 0.000225696
2 11 0.000241086
2 12 0.00025554
2 13 0.000269004
2 14 0.000281425
2 15 0.000292754
2 16 0.000302948
2 17 0.000311968
2 18 0.000319778
2 19 0.000326348
2 20 0.000331653
2 21 0.000335673
2 22 0.000338392
2 23 0.000339799
2 24 0.000339889
2 25 0.000338662
2 26 0.000336123
2 27 0.000332282
2 28 0.000327153
2 29 0.000320757
2 30 0.000313118
2 31 0.000304266
2 32 0.000294236
2 33 0.000283066
2 34 0.000270799
2 35 0.000257484
2 36 0.000243172
2 37 0.000227918
2 38 0.000211781
2 39 0.000194824

3 1 8.35043e-05
3 2 0.000114494
3 3 0.00014504
3 4 0.000175024
3 5 0.000204328
3 6 0.00023284
3 7 0.000260448
3 8 0.000287046
3 9 0.000312531
3 10 0.000336803
3 11 0.000359769
3 12 0.00038134
3 13 0.000401432
3 14 0.000419967
3 15 0.000436873
3 16 0.000452086
3 17 0.000465546
3 18 0.0004772
3 19 0.000487005
3 20 0.000494922
3 21 0.000500921
3 22 0.000504978
3 23 0.000507078
3 24 0.000507212
3 25 0.000505382
3 26 0.000501593
3 27 0.00049586
3 28 0.000488206
3 29 0.000478661
3 30 0.000467262
3 31 0.000454053
3 32 0.000439084
3 33 0.000422416
3 34 0.000404111
3 35 0.000384241
3 36 0.000362882
3 37 0.000340119
3 38 0.000316038
3 39 0.000290734

4 1 0.000110536
4 2 0.000151559
4 3 0.000191993
4 4 0.000231683
4 5 0.000270473
4 6 0.000308215
4 7 0.00034476
4 8 0.000379969
4 9 0.000413703
4 10 0.000445833
4 11 0.000476234
4 12 0.000504788
4 13 0.000531384
4 14 0.000555919
4 15 0.000578298
4 16 0.000598436
4 17 0.000616253
4 18 0.00063168
4 19 0.000644659
4 20 0.000655139
4 21 0.00066308
4 22 0.00066845
4 23 0.00067123
4 24 0.000671408
4 25 0.000668985
4 26 0.000663969
4 27 0.000656381
4 28 0.000646249
4 29 0.000633614
4 30 0.000618525
4 31 0.000601039
4 32 0.000581225
4 33 0.000559161
4 34 0.00053493
4 35 0.000508628
4 36 0.000480355
4 37 0.000450223
4 38 0.000418347
4 39 0.000384851

5 1 0.000136887
5 2 0.000187689
5 3 0.000237762
5 4 0.000286913
5 5 0.000334951
5 6 0.000381689
5 7 0.000426947
5 8 0.000470549
5 9 0.000512325
5 10 0.000552115
5 11 0.000589762
5 12 0.000625123
5 13 0.000658059
5 14 0.000688443
5 15 0.000716158
5 16 0.000741095
5 17 0.00076316
5 18 0.000782265
5 19 0.000798338
5 20 0.000811316
5 21 0.00082115
5 22 0.0008278
5 23 0.000831242
5 24 0.000831463
5 25 0.000828462
5 26 0.000822251
5 27 0.000812854
5 28 0.000800307
5 29 0.00078466
5 30 0.000765973
5 31 0.00074432
5 32 0.000719783
5 33 0.000692458
5 34 0.000662451
5 35 0.000629878
5 36 0.000594866
5 37 0.00055755
5 38 0.000518076
5 39 0.000476594

6 1 0.000162393
6 2 0.000222661
6 3 0.000282065
6 4 0.000340374
6 5 0.000397363
6 6 0.00045281
6 7 0.000506501
6 8 0.000558227
6 9 0.000607788
6 10 0.000654991
6 11 0.000699654
6 12 0.000741603
6 13 0.000780676
6 14 0.000816722
6 15 0.000849601
6 16 0.000879185
6 17 0.000905361
6 18 0.000928026
6 19 0.000947094
6 20 0.000962491
6 21 0.000974156
6 22 0.000982046
6 23 0.00098613
6 24 0.000986392
6 25 0.000982831
6 26 0.000975463
6 27 0.000964315
6 28 0.00094943
6 29 0.000930868
6 30 0.000908699
6 31 0.00088301
6 32 0.000853901
6 33 0.000821485
6 34 0.000785887
6 35 0.000747245
6 36 0.000705709
6 37 0.00066144
6 38 0.00061461
6 39 0.000565399

7 1 0.000186899
7 2 0.00025626
7 3 0.000324628
7 4 0.000391736
7 5 0.000457325
7 6 0.000521139
7 7 0.000582932
7 8 0.000642463
7 9 0.000699503
7 10 0.000753829
7 11 0.000805232
7 12 0.000853511
7 13 0.00089848
7 14 0.000939965
7 15 0.000977805
7 16 0.00101185
7 17 0.00104198
7 18 0.00106807
7 19 0.00109001
7 20 0.00110773
7 21 0.00112116
7 22 0.00113024
7 23 0.00113494
7 24 0.00113524
7 25 0.00113114
7 26 0.00112266
7 27 0.00110983
7 28 0.0010927
7 29 0.00107134
7 30 0.00104582
7 31 0.00101626
7 32 0.000982754
7 33 0.000945446
7 34 0.000904477
7 35 0.000860004
7 36 0.0008122
7 37 0.000761251
7 38 0.000707354
7 39 0.000650718

8 1 0.000210251
8 2 0.00028828
8 3 0.00036519
8 4 0.000440683
8 5 0.000514467
8 6 0.000586255
8 7 0.000655768
8 8 0.000722738
8 9 0.000786905
8 10 0.000848019
8 11 0.000905844
8 12 0.000960156
8 13 0.00101074
8 14 0.00105741
8 15 0.00109998
8 16 0.00113828
8 17 0.00117217
8 18 0.00120152
8 19 0.00122621
8 20 0.00124614
8 21 0.00126124
8 22 0.00127146
8 23 0.00127674
8 24 0.00127708
8 25 0.00127247
8 26 0.00126293
8 27 0.0012485
8 28 0.00122923
8 29 0.0012052
8 30 0.00117649
8 31 0.00114324
8 32 0.00110555
8 33 0.00106358
8 34 0.00101749
8 35 0.00096746
8 36 0.000913683
8 37 0.000856368
8 38 0.000795737
8 39 0.000732024

9 1 0.000232307
9 2 0.000318521
9 3 0.0004035
9 4 0.000486913
9 5 0.000568436
9 6 0.000647755
9 7 0.000724561
9 8 0.000798556
9 9 0.000869454
9 10 0.000936979
9 11 0.00100087
9 12 0.00106088
9 13 0.00111677
9 14 0.00116834
9 15 0.00121537
9 16 0.00125769
9 17 0.00129514
9 18 0.00132756
9 19 0.00135484
9 20 0.00137686
9 21 0.00139355
9 22 0.00140484
9 23 0.00141068
9 24 0.00141106
9 25 0.00140596
9 26 0.00139542
9 27 0.00137947
9 28 0.00135818
9 29 0.00133163
9 30 0.00129991
9 31 0.00126317
9 32 0.00122152
9 33 0.00117515
9 34 0.00112423
9 35 0.00106895
9 36 0.00100953
9 37 0.000946205
9 38 0.000879213
9 39 0.000808816

10 1 0.000252931
10 2 0.000346799
10 3 0.000439322
10 4 0.00053014
10 5 0.000618901
10 6 0.000705262
10 7 0.000788886
10 8 0.000869451
10 9 0.000946642
10 10 0.00102016
10 11 0.00108973
10 12 0.00115506
10 13 0.00121592
10 14 0.00127206
10 15 0.00132327
10 16 0.00136935
10 17 0.00141012
10 18 0.00144542
10 19 0.00147512
10 20 0.0014991
10 21 0.00151727
10 22 0.00152956
10 23 0.00153592
10 24 0.00153633
10 25 0.00153078
10 26 0.0015193
10 27 0.00150194
10 28 0.00147876
10 29 0.00144985
10 30 0.00141532
10 31 0.00137531
10 32 0.00132997
10 33 0.00127948
10 34 0.00122403
10 35 0.00116385
10 36 0.00109916
10 37 0.00103021
10 38 0.000957267
10 39 0.000880621

11 1 0.000271995
11 2 0.000372938
11 3 0.000472435
11 4 0.000570098
11 5 0.00066555
11 6 0.000758419
11 7 0.000848347
11 8 0.000934984
11 9 0.00101799
11 10 0.00109706
11 11 0.00117186
11 12 0.00124212
11 13 0.00130757
11 14 0.00136794
11 15 0.00142301
11 16 0.00147256
11 17 0.0015164
11 18 0.00155437
11 19 0.0015863
11 20 0.00161209
11 21 0.00163163
11 22 0.00164484
11 23 0.00165168
11 24 0.00165212
11 25 0.00164616
11 26 0.00163382
11 27 0.00161515
11 28 0.00159022
11 29 0.00155912
11 30 0.00152199
11 31 0.00147897
11 32 0.00143021
11 33 0.00137592
11 34 0.00131629
11 35 0.00125157
11 36 0.001182
11 37 0.00110786
11 38 0.00102942
11 39 0.000946996

12 1 0.000289382
12 2 0.000396778
12 3 0.000502635
12 4 0.000606541
12 5 0.000708094
12 6 0.000806901
12 7 0.000902577
12 8 0.000994752
12 9 0.00108307
12 10 0.00116718
12 11 0.00124677
12 12 0.00132152
12 13 0.00139115
12 14 0.00145539
12 15 0.00151397
12 16 0.00156669
12 17 0.00161334
12 18 0.00165373
12 19 0.00168771
12 20 0.00171514
12 21 0.00173593
12 22 0.00174999
12 23 0.00175727
12 24 0.00175773
12 25 0.00175139
12 26 0.00173826
12 27 0.00171839
12 28 0.00169187
12 29 0.00165879
12 30 0.00161929
12 31 0.00157351
12 32 0.00152164
12 33 0.00146387
12 34 0.00140044
12 35 0.00133158
12 36 0.00125756
12 37 0.00117868
12 38 0.00109522
12 39 0.00100753

13 1 0.000304985
13 2 0.000418171
13 3 0.000529735
13 4 0.000639244
13 5 0.000746273
13 6 0.000850407
13 7 0.000951241
13 8 0.00104839
13 9 0.00114146
13 10 0.00123012
13 11 0.00131399
13 12 0.00139278
13 13 0.00146616
13 14 0.00153386
13 15 0.0015956
13 16 0.00165117
13 17 0.00170033
13 18 0.00174289
13 19 0.0017787
13 20 0.00180762
13 21 0.00182953
13 22 0.00184434
13 23 0.00185201
13 24 0.00185251
13 25 0.00184582
13 26 0.00183198
13 27 0.00181104
13 28 0.00178309
13 29 0.00174823
13 30 0.00170659
13 31 0.00165835
13 32 0.00160368
13 33 0.0015428
13 34 0.00147594
13 35 0.00140337
13 36 0.00132537
13 37 0.00124223
13 38 0.00115428
13 39 0.00106186

14 1 0.000318707
14 2 0.000436986
14 3 0.00055357
14 4 0.000668006
14 5 0.00077985
14 6 0.000888669
14 7 0.000994041
14 8 0.00109556
14 9 0.00119282
14 10 0.00128546
14 11 0.00137312
14 12 0.00145544
14 13 0.00153213
14 14 0.00160287
14 15 0.0016674
14 16 0.00172546
14 17 0.00177683
14 18 0.00182131
14 19 0.00185873
14 20 0.00188895
14 21 0.00191184
14 22 0.00192733
14 23 0.00193534
14 24 0.00193586
14 25 0.00192887
14 26 0.00191441
14 27 0.00189253
14 28 0.00186332
14 29 0.00182689
14 30 0.00178338
14 31 0.00173296
14 32 0.00167584
14 33 0.00161222
14 34 0.00154235
14 35 0.00146652
14 36 0.001385
14 37 0.00129812
14 38 0.00120621
14 39 0.00110963

15 1 0.000330465
15 2 0.000453107
15 3 0.000573991
15 4 0.000692649
15 5 0.000808619
15 6 0.000921452
15 7 0.00103071
15 8 0.00113597
15 9 0.00123683
15 10 0.00133288
15 11 0.00142377
15 12 0.00150914
15 13 0.00158865
15 14 0.001662
15 15 0.00172891
15 16 0.00178911
15 17 0.00184238
15 18 0.0018885
15 19 0.0019273
15 20 0.00195863
15 21 0.00198237
15 22 0.00199843
15 23 0.00200674
15 24 0.00200727
15 25 0.00200003
15 26 0.00198503
15 27 0.00196234
15 28 0.00193206
15 29 0.00189428
15 30 0.00184917
15 31 0.00179689
15 32 0.00173766
15 33 0.00167169
15 34 0.00159925
15 35 0.00152062
15 36 0.00143609
15 37 0.00134601
15 38 0.00125071
15 39 0.00115057

16 1 0.000340184
16 2 0.000466434
16 3 0.000590873
16 4 0.000713021
16 5 0.000832402
16 6 0.000948554
16 7 0.00106103
16 8 0.00116938
16 9 0.0012732
16 10 0.00137209
16 11 0.00146565
16 12 0.00155352
16 13 0.00163537
16 14 0.00171088
16 15 0.00177976
16 16 0.00184173
16 17 0.00189656
16 18 0.00194404
16 19 0.00198399
16 20 0.00201624
16 21 0.00204068
16 22 0.0020572
16 23 0.00206576
16 24 0.00206631
16 25 0.00205885
16 26 0.00204341
16 27 0.00202006
16 28 0.00198888
16 29 0.00195
16 30 0.00190356
16 31 0.00184974
16 32 0.00178877
16 33 0.00172086
16 34 0.00164629
16 35 0.00156534
16 36 0.00147833
16 37 0.00138559
16 38 0.00128749
16 39 0.00118441

17 1 0.000347806
17 2 0.000476884
17 3 0.000604112
17 4 0.000728997
17 5 0.000851053
17 6 0.000969807
17 7 0.0010848
17 8 0.00119558
17 9 0.00130173
17 10 0.00140283
17 11 0.00149849
17 12 0.00158833
17 13 0.00167202
17 14 0.00174922
17 15 0.00181963
17 16 0.001883
17 17 0.00193906
17 18 0.0019876
17 19 0.00202844
17 20 0.00206142
17 21 0.0020864
17 22 0.0021033
17 23 0.00211204
17 24 0.00211261
17 25 0.00210498
17 26 0.0020892
17 27 0.00206532
17 28 0.00203344
17 29 0.00199369
17 30 0.00194621
17 31 0.00189119
17 32 0.00182884
17 33 0.00175942
17 34 0.00168317
17 35 0.00160041
17 36 0.00151145
17 37 0.00141664
17 38 0.00131634
17 39 0.00121094

18 1 0.000353284
18 2 0.000484395
18 3 0.000613627
18 4 0.000740478
18 5 0.000864456
18 6 0.000985081
18 7 0.00110188
18 8 0.00121441
18 9 0.00132223
18 10 0.00142492
18 11 0.00152209
18 12 0.00161335
18 13 0.00169835
18 14 0.00177677
18 15 0.00184829
18 16 0.00191265
18 17 0.0019696
18 18 0.00201891
18 19 0.00206039
18 20 0.00209388
18 21 0.00211926
18 22 0.00213642
18 23 0.00214531
18 24 0.00214588
18 25 0.00213813
18 26 0.0021221
18 27 0.00209785
18 28 0.00206547
18 29 0.00202509
18 30 0.00197686
18 31 0.00192097
18 32 0.00185765
18 33 0.00178713
18 34 0.00170968
18 35 0.00162562
18 36 0.00153526
18 37 0.00143895
18 38 0.00133707
18 39 0.00123002

19 1 0.000356584
19 2 0.000488919
19 3 0.000619358
19 4 0.000747394
19 5 0.00087253
19 6 0.000994282
19 7 0.00111218
19 8 0.00122576
19 9 0.00133458
19 10 0.00143823
19 11 0.0015363
19 12 0.00162841
19 13 0.00171421
19 14 0.00179336
19 15 0.00186555
19 16 0.00193052
19 17 0.00198799
19 18 0.00203776
19 19 0.00207963
19 20 0.00211344
19 21 0.00213905
19 22 0.00215638
19 23 0.00216534
19 24 0.00216592
19 25 0.0021581
19 26 0.00214192
19 27 0.00211744
19 28 0.00208476
19 29 0.002044
19 30 0.00199532
19 31 0.00193891
19 32 0.001875
19 33 0.00180382
19 34 0.00172565
19 35 0.0016408
19 36 0.0015496
19 37 0.00145239
19 38 0.00134956
19 39 0.0012415

20 1 0.000357685
20 2 0.000490429
20 3 0.00062127
20 4 0.000749702
20 5 0.000875224
20 6 0.000997352
20 7 0.00111561
20 8 0.00122954
20 9 0.0013387
20 10 0.00144267
20 11 0.00154105
20 12 0.00163344
20 13 0.0017195
20 14 0.0017989
20 15 0.00187132
20 16 0.00193648
20 17 0.00199413
20 18 0.00204405
20 19 0.00208605
20 20 0.00211996
20 21 0.00214566
20 22 0.00216304
20 23 0.00217203
20 24 0.00217261
20 25 0.00216477
20 26 0.00214854
20 27 0.00212398
20 28 0.0020912
20 29 0.00205031
20 30 0.00200148
20 31 0.0019449
20 32 0.00188079
20 33 0.00180939
20 34 0.00173098
20 35 0.00164587
20 36 0.00155438
20 37 0.00145688
20 38 0.00135373
20 39 0.00124534

21 1 0.000356581
21 2 0.000488915
21 3 0.000619353
21 4 0.000747387
21 5 0.000872523
21 6 0.000994273
21 7 0.00111217
21 8 0.00122575
21 9 0.00133457
21 10 0.00143822
21 11 0.00153629
21 12 0.0016284
21 13 0.0017142
21 14 0.00179334
21 15 0.00186554
21 16 0.0019305
21 17 0.00198798
21 18 0.00203774
21 19 0.00207961
21 20 0.00211342
21 21 0.00213903
21 22 0.00215636
21 23 0.00216533
21 24 0.0021659
21 25 0.00215808
21 26 0.0021419
21 27 0.00211742
21 28 0.00208474
21 29 0.00204398
21 30 0.00199531
21 31 0.0019389
21 32 0.00187498
21 33 0.0018038
21 34 0.00172564
21 35 0.00164079
21 36 0.00154958
21 37 0.00145238
21 38 0.00134955
21 39 0.00124149

22 1 0.000353278
22 2 0.000484387
22 3 0.000613616
22 4 0.000740465
22 5 0.000864441
22 6 0.000985064
22 7 0.00110187
22 8 0.00121439
22 9 0.00132221
22 10 0.0014249
22 11 0.00152206
22 12 0.00161332
22 13 0.00169832
22 14 0.00177673
22 15 0.00184826
22 16 0.00191262
22 17 0.00196956
22 18 0.00201887
22 19 0.00206035
22 20 0.00209385
22 21 0.00211922
22 22 0.00213639
22 23 0.00214527
22 24 0.00214584
22 25 0.0021381
22 26 0.00212207
22 27 0.00209781
22 28 0.00206543
22 29 0.00202505
22 30 0.00197682
22 31 0.00192094
22 32 0.00185762
22 33 0.0017871
22 34 0.00170965
22 35 0.00162559
22 36 0.00153523
22 37 0.00143893
22 38 0.00133705
22 39 0.00123

23 1 0.000347798
23 2 0.000476872
23 3 0.000604097
23 4 0.000728978
23 5 0.000851031
23 6 0.000969782
23 7 0.00108477
23 8 0.00119555
23 9 0.0013017
23 10 0.00140279
23 11 0.00149845
23 12 0.00158829
23 13 0.00167197
23 14 0.00174917
23 15 0.00181959
23 16 0.00188295
23 17 0.00193901
23 18 0.00198755
23 19 0.00202839
23 20 0.00206136
23 21 0.00208635
23 22 0.00210324
23 23 0.00211199
23 24 0.00211255
23 25 0.00210493
23 26 0.00208915
23 27 0.00206527
23 28 0.00203339
23 29 0.00199364
23 30 0.00194616
23 31 0.00189114
23 32 0.0018288
23 33 0.00175937
23 34 0.00168313
23 35 0.00160037
23 36 0.00151141
23 37 0.0014166
23 38 0.00131631
23 39 0.00121091

24 1 0.000340173
24 2 0.000466418
24 3 0.000590853
24 4 0.000712997
24 5 0.000832374
24 6 0.000948522
24 7 0.00106099
24 8 0.00116934
24 9 0.00127316
24 10 0.00137204
24 11 0.0014656
24 12 0.00155347
24 13 0.00163532
24 14 0.00171082
24 15 0.0017797
24 16 0.00184167
24 17 0.0018965
24 18 0.00194398
24 19 0.00198392
24 20 0.00201617
24 21 0.00204061
24 22 0.00205714
24 23 0.00206569
24 24 0.00206624
24 25 0.00205878
24 26 0.00204334
24 27 0.00201999
24 28 0.00198881
24 29 0.00194993
24 30 0.00190349
24 31 0.00184968
24 32 0.0017887
24 33 0.0017208
24 34 0.00164623
24 35 0.00156529
24 36 0.00147828
24 37 0.00138555
24 38 0.00128745
24 39 0.00118437

25 1 0.000330451
25 2 0.000453088
25 3 0.000573967
25 4 0.000692619
25 5 0.000808585
25 6 0.000921414
25 7 0.00103067
25 8 0.00113592
25 9 0.00123677
25 10 0.00133283
25 11 0.00142371
25 12 0.00150907
25 13 0.00158858
25 14 0.00166193
25 15 0.00172883
25 16 0.00178903
25 17 0.0018423
25 18 0.00188842
25 19 0.00192722
25 20 0.00195855
25 21 0.00198229
25 22 0.00199834
25 23 0.00200665
25 24 0.00200719
25 25 0.00199994
25 26 0.00198495
25 27 0.00196226
25 28 0.00193197
25 29 0.0018942
25 30 0.00184909
25 31 0.00179682
25 32 0.00173758
25 33 0.00167162
25 34 0.00159918
25 35 0.00152055
25 36 0.00143603
25 37 0.00134595
25 38 0.00125066
25 39 0.00115052

26 1 0.000318692
26 2 0.000436965
26 3 0.000553542
26 4 0.000667972
26 5 0.000779811
26 6 0.000888625
26 7 0.000993991
26 8 0.0010955
26 9 0.00119276
26 10 0.0012854
26 11 0.00137305
26 12 0.00145537
26 13 0.00153205
26 14 0.00160279
26 15 0.00166731
26 16 0.00172537
26 17 0.00177674
26 18 0.00182122
26 19 0.00185864
26 20 0.00188885
26 21 0.00191175
26 22 0.00192723
26 23 0.00193525
26 24 0.00193576
26 25 0.00192877
26 26 0.00191431
26 27 0.00189243
26 28 0.00186322
26 29 0.0018268
26 30 0.00178329
26 31 0.00173288
26 32 0.00167575
26 33 0.00161214
26 34 0.00154228
26 35 0.00146644
26 36 0.00138493
26 37 0.00129805
26 38 0.00120615
26 39 0.00110958

27 1 0.000304968
27 2 0.000418147
27 3 0.000529705
27 4 0.000639207
27 5 0.00074623
27 6 0.000850358
27 7 0.000951187
27 8 0.00104833
27 9 0.0011414
27 10 0.00123004
27 11 0.00131392
27 12 0.0013927
27 13 0.00146608
27 14 0.00153377
27 15 0.00159551
27 16 0.00165107
27 17 0.00170023
27 18 0.00174279
27 19 0.0017786
27 20 0.00180751
27 21 0.00182942
27 22 0.00184424
27 23 0.00185191
27 24 0.0018524
27 25 0.00184571
27 26 0.00183188
27 27 0.00181094
27 28 0.00178299
27 29 0.00174813
27 30 0.0017065
27 31 0.00165825
27 32 0.00160359
27 33 0.00154271
27 34 0.00147586
27 35 0.00140329
27 36 0.00132529
27 37 0.00124216
27 38 0.00115421
27 39 0.00106179

28 1 0.000289364
28 2 0.000396753
28 3 0.000502602
28 4 0.000606502
28 5 0.000708049
28 6 0.000806849
28 7 0.000902519
28 8 0.000994688
28 9 0.001083
28 10 0.00116711
28 11 0.00124669
28 12 0.00132144
28 13 0.00139106
28 14 0.00145529
28 15 0.00151388
28 16 0.00156659
28 17 0.00161323
28 18 0.00165362
28 19 0.0016876
28 20 0.00171503
28 21 0.00173582
28 22 0.00174988
28 23 0.00175715
28 24 0.00175762
28 25 0.00175128
28 26 0.00173815
28 27 0.00171828
28 28 0.00169176
28 29 0.00165868
28 30 0.00161918
28 31 0.00157341
28 32 0.00152154
28 33 0.00146378
28 34 0.00140035
28 35 0.00133149
28 36 0.00125748
28 37 0.0011786
28 38 0.00109515
28 39 0.00100747

29 1 0.000271976
29 2 0.000372912
29 3 0.000472401
29 4 0.000570057
29 5 0.000665502
29 6 0.000758365
29 7 0.000848286
29 8 0.000934917
29 9 0.00101792
29 10 0.00109698
29 11 0.00117178
29 12 0.00124203
29 13 0.00130747
29 14 0.00136784
29 15 0.00142291
29 16 0.00147246
29 17 0.0015163
29 18 0.00155426
29 19 0.00158619
29 20 0.00161198
29 21 0.00163151
29 22 0.00164473
29 23 0.00165157
29 24 0.00165201
29 25 0.00164604
29 26 0.0016337
29 27 0.00161503
29 28 0.0015901
29 29 0.00155901
29 30 0.00152189
29 31 0.00147886
29 32 0.00143011
29 33 0.00137582
29 34 0.0013162
29 35 0.00125148
29 36 0.00118192
29 37 0.00110778
29 38 0.00102935
29 39 0.000946929

30 1 0.000252912
30 2 0.000346772
30 3 0.000439287
30 4 0.000530099
30 5 0.000618853
30 6 0.000705207
30 7 0.000788825
30 8 0.000869383
30 9 0.000946569
30 10 0.00102008
30 11 0.00108964
30 12 0.00115497
30 13 0.00121583
30 14 0.00127196
30 15 0.00132317
30 16 0.00136924
30 17 0.00141001
30 18 0.00144531
30 19 0.001475
30 20 0.00149898
30 21 0.00151715
30 22 0.00152944
30 23 0.0015358
30 24 0.00153621
30 25 0.00153066
30 26 0.00151919
30 27 0.00150182
30 28 0.00147864
30 29 0.00144973
30 30 0.00141521
30 31 0.0013752
30 32 0.00132987
30 33 0.00127938
30 34 0.00122394
30 35 0.00116376
30 36 0.00109907
30 37 0.00103013
30 38 0.000957193
30 39 0.000880553

31 1 0.000232288
31 2 0.000318495
31 3 0.000403466
31 4 0.000486872
31 5 0.000568389
31 6 0.000647701
31 7 0.000724501
31 8 0.00079849
31 9 0.000869382
31 10 0.000936901
31 11 0.00100079
31 12 0.00106079
31 13 0.00111668
31 14 0.00116824
31 15 0.00121527
31 16 0.00125759
31 17 0.00129503
31 18 0.00132745
31 19 0.00135473
31 20 0.00137675
31 21 0.00139344
31 22 0.00140472
31 23 0.00141056
31 24 0.00141094
31 25 0.00140584
31 26 0.0013953
31 27 0.00137936
31 28 0.00135807
31 29 0.00133152
31 30 0.00129981
31 31 0.00126306
31 32 0.00122142
31 33 0.00117505
31 34 0.00112413
31 35 0.00106886
31 36 0.00100945
31 37 0.000946126
31 38 0.000879139
31 39 0.000808749

32 1 0.000210233
32 2 0.000288254
32 3 0.000365157
32 4 0.000440644
32 5 0.000514421
32 6 0.000586203
32 7 0.00065571
32 8 0.000722674
32 9 0.000786835
32 10 0.000847943
32 11 0.000905763
32 12 0.00096007
32 13 0.00101065
32 14 0.00105732
32 15 0.00109988
32 16 0.00113818
32 17 0.00117207
32 18 0.00120141
32 19 0.0012261
32 20 0.00124603
32 21 0.00126113
32 22 0.00127134
32 23 0.00127663
32 24 0.00127697
32 25 0.00127236
32 26 0.00126282
32 27 0.00124839
32 28 0.00122912
32 29 0.00120509
32 30 0.00117639
32 31 0.00114313
32 32 0.00110545
32 33 0.00106348
32 34 0.0010174
32 35 0.000967374
32 36 0.000913602
32 37 0.000856292
32 38 0.000795666
32 39 0.000731959

33 1 0.000186881
33 2 0.000256236
33 3 0.000324598
33 4 0.0003917
33 5 0.000457282
33 6 0.00052109
33 7 0.000582877
33 8 0.000642403
33 9 0.000699437
33 10 0.000753759
33 11 0.000805156
33 12 0.000853431
33 13 0.000898396
33 14 0.000939877
33 15 0.000977714
33 16 0.00101176
33 17 0.00104188
33 18 0.00106797
33 19 0.00108991
33 20 0.00110763
33 21 0.00112105
33 22 0.00113013
33 23 0.00113483
33 24 0.00113513
33 25 0.00113103
33 26 0.00112255
33 27 0.00110973
33 28 0.0010926
33 29 0.00107123
33 30 0.00104572
33 31 0.00101616
33 32 0.000982663
33 33 0.000945358
33 34 0.000904392
33 35 0.000859923
33 36 0.000812124
33 37 0.00076118
33 38 0.000707288
33 39 0.000650657

34 1 0.000162378
34 2 0.000222639
34 3 0.000282037
34 4 0.000340341
34 5 0.000397324
34 6 0.000452766
34 7 0.000506452
34 8 0.000558173
34 9 0.000607729
34 10 0.000654927
34 11 0.000699586
34 12 0.000741531
34 13 0.0007806
34 14 0.000816642
34 15 0.000849518
34 16 0.000879099
34 17 0.000905272
34 18 0.000927936
34 19 0.000947002
34 20 0.000962397
34 21 0.000974061
34 22 0.00098195
34 23 0.000986033
34 24 0.000986295
34 25 0.000982735
34 26 0.000975367
34 27 0.00096422
34 28 0.000949337
34 29 0.000930777
34 30 0.00090861
34 31 0.000882924
34 32 0.000853818
34 33 0.000821404
34 34 0.00078581
34 35 0.000747172
34 36 0.00070564
34 37 0.000661375
34 38 0.00061455
34 39 0.000565344

35 1 0.000136873
35 2 0.00018767
35 3 0.000237738
35 4 0.000286884
35 5 0.000334917
35 6 0.000381651
35 7 0.000426904
35 8 0.000470501
35 9 0.000512273
35 10 0.000552059
35 11 0.000589703
35 12 0.000625059
35 13 0.000657992
35 14 0.000688373
35 15 0.000716085
35 16 0.00074102
35 17 0.000763082
35 18 0.000782186
35 19 0.000798257
35 20 0.000811234
35 21 0.000821066
35 22 0.000827716
35 23 0.000831158
35 24 0.000831379
35 25 0.000828378
35 26 0.000822168
35 27 0.000812771
35 28 0.000800226
35 29 0.000784581
35 30 0.000765896
35 31 0.000744244
35 32 0.00071971
35 33 0.000692387
35 34 0.000662384
35 35 0.000629814
35 36 0.000594806
35 37 0.000557494
35 38 0.000518023
35 39 0.000476546

36 1 0.000110525
36 2 0.000151543
36 3 0.000191973
36 4 0.000231658
36 5 0.000270445
36 6 0.000308183
36 7 0.000344725
36 8 0.000379929
36 9 0.00041366
36 10 0.000445787
36 11 0.000476184
36 12 0.000504735
36 13 0.000531328
36 14 0.000555861
36 15 0.000578238
36 16 0.000598373
36 17 0.000616188
36 18 0.000631614
36 19 0.000644592
36 20 0.000655071
36 21 0.00066301
36 22 0.00066838
36 23 0.00067116
36 24 0.000671338
36 25 0.000668915
36 26 0.0006639
36 27 0.000656312
36 28 0.000646182
36 29 0.000633548
36 30 0.00061846
36 31 0.000600976
36 32 0.000581165
36 33 0.000559102
36 34 0.000534874
36 35 0.000508574
36 36 0.000480305
36 37 0.000450176
36 38 0.000418303
36 39 0.000384811

37 1 8.34954e-05
37 2 0.000114482
37 3 0.000145025
37 4 0.000175005
37 5 0.000204306
37 6 0.000232815
37 7 0.00026042
37 8 0.000287015
37 9 0.000312497
37 10 0.000336767
37 11 0.000359731
37 12 0.000381299
37 13 0.000401389
37 14 0.000419922
37 15 0.000436827
37 16 0.000452038
37 17 0.000465496
37 18 0.000477149
37 19 0.000486953
37 20 0.000494869
37 21 0.000500867
37 22 0.000504924
37 23 0.000507024
37 24 0.000507158
37 25 0.000505328
37 26 0.000501539
37 27 0.000495807
37 28 0.000488154
37 29 0.00047861
37 30 0.000467212
37 31 0.000454004
37 32 0.000439038
37 33 0.000422371
37 34 0.000404068
37 35 0.0003842
37 36 0.000362844
37 37 0.000340083
37 38 0.000316005
37 39 0.000290703

38 1 5.59512e-05
38 2 7.67158e-05
38 3 9.71828e-05
38 4 0.000117273
38 5 0.000136908
38 6 0.000156012
38 7 0.00017451
38 8 0.000192332
38 9 0.000209408
38 10 0.000225671
38 11 0.00024106
38 12 0.000255513
38 13 0.000268975
38 14 0.000281394
38 15 0.000292722
38 16 0.000302915
38 17 0.000311934
38 18 0.000319743
38 19 0.000326313
38 20 0.000331617
38 21 0.000335637
38 22 0.000338355
38 23 0.000339762
38 24 0.000339852
38 25 0.000338626
38 26 0.000336087
38 27 0.000332246
38 28 0.000327118
38 29 0.000320722
38 30 0.000313084
38 31 0.000304233
38 32 0.000294204
38 33 0.000283035
38 34 0.00027077
38 35 0.000257456
38 36 0.000243146
38 37 0.000227893
38 38 0.000211758
38 39 0.000194803

39 1 2.80621e-05
39 2 3.84765e-05
39 3 4.87417e-05
39 4 5.88177e-05
39 5 6.86656e-05
39 6 7.8247e-05
39 7 8.7525e-05
39 8 9.64634e-05
39 9 0.000105028
39 10 0.000113185
39 11 0.000120902
39 12 0.000128151
39 13 0.000134903
39 14 0.000141132
39 15 0.000146814
39 16 0.000151926
39 17 0.000156449
39 18 0.000160366
39 19 0.000163661
39 20 0.000166321
39 21 0.000168337
39 22 0.000169701
39 23 0.000170406
39 24 0.000170452
39 25 0.000169836
39 26 0.000168563
39 27 0.000166637
39 28 0.000164064
39 29 0.000160857
39 30 0.000157026
39 31 0.000152587
39 32 0.000147557
39 33 0.000141955
39 34 0.000135804
39 35 0.000129126
39 36 0.000121949
39 37 0.000114299
39 38 0.000106206
39 39 9.77028e-05

