1 1 27.2402
1 2 31.5822
1 3 33.7837
1 4 35.0732
1 5 35.9133
1 6 36.5035
1 7 36.9406
1 8 37.277
1 9 37.5433
1 10 37.7583
1 11 37.9346
1 12 38.0807
1 13 38.2026
1 14 38.3045
1 15 38.3896
1 16 38.4602
1 17 38.5182
1 18 38.5648
1 19 38.601
1 20 38.6276
1 21 38.645
1 22 38.6535
1 23 38.6531
1 24 38.6437
1 25 38.6251
1 26 38.5966
1 27 38.5575
1 28 38.5064
1 29 38.4419
1 30 38.3614
1 31 38.2619
1 32 38.1384
1 33 37.984
1 34 37.7878
1 35 37.5318
1 36 37.184
1 37 36.6817
1 38 35.8861
1 39 34.4429

2 1 20.3536
2 2 25.305
2 3 28.4794
2 4 30.5958
2 5 32.0768
2 6 33.16
2 7 33.9821
2 8 34.6244
2 9 35.1378
2 10 35.5555
2 11 35.8996
2 12 36.1859
2 13 36.4253
2 14 36.6259
2 15 36.7937
2 16 36.9332
2 17 37.0479
2 18 37.1401
2 19 37.2119
2 20 37.2646
2 21 37.2991
2 22 37.316
2 23 37.3153
2 24 37.2969
2 25 37.2602
2 26 37.2041
2 27 37.1269
2 28 37.0266
2 29 36.8998
2 30 36.7422
2 31 36.5478
2 32 36.3079
2 33 36.0101
2 34 35.6356
2 35 35.1555
2 36 34.5226
2 37 33.657
2 38 32.4197
2 39 30.574

3 1 16.1482
3 2 20.8049
3 3 24.2333
3 4 26.7539
3 5 28.638
3 6 30.078
3 7 31.2034
3 8 32.1007
3 9 32.8283
3 10 33.4263
3 11 33.9228
3 12 34.3381
3 13 34.687
3 14 34.9804
3 15 35.2265
3 16 35.4315
3 17 35.6002
3 18 35.7362
3 19 35.8422
3 20 35.9201
3 21 35.9712
3 22 35.9963
3 23 35.9956
3 24 35.9688
3 25 35.915
3 26 35.8329
3 27 35.72
3 28 35.5734
3 29 35.3887
3 30 35.1601
3 31 34.8794
3 32 34.5356
3 33 34.113
3 34 33.5894
3 35 32.9323
3 36 32.0941
3 37 31.0042
3 38 29.5619
3 39 27.6391

4 1 13.3417
4 2 17.5332
4 3 20.8952
4 4 23.5488
4 5 25.6435
4 6 27.3107
4 7 28.6531
4 8 29.7472
4 9 30.6488
4 10 31.3989
4 11 32.0276
4 12 32.5572
4 13 33.0047
4 14 33.3826
4 15 33.7007
4 16 33.9665
4 17 34.1858
4 18 34.3628
4 19 34.5011
4 20 34.6029
4 21 34.6698
4 22 34.7029
4 23 34.7025
4 24 34.6681
4 25 34.5988
4 26 34.4928
4 27 34.3474
4 28 34.1589
4 29 33.9222
4 30 33.6305
4 31 33.2746
4 32 32.8425
4 33 32.3174
4 34 31.6769
4 35 30.8907
4 36 29.9176
4 37 28.7041
4 38 27.185
4 39 25.2943

5 1 11.3469
5 2 15.0913
5 3 18.2656
5 4 20.9028
5 5 23.0768
5 6 24.8686
5 7 26.3516
5 8 27.5864
5 9 28.6211
5 10 29.4933
5 11 30.2318
5 12 30.8591
5 13 31.3923
5 14 31.8451
5 15 32.2278
5 16 32.5487
5 17 32.8141
5 18 33.029
5 19 33.197
5 20 33.3211
5 21 33.403
5 22 33.4438
5 23 33.444
5 24 33.4031
5 25 33.32
5 26 33.1928
5 27 33.0185
5 28 32.7932
5 29 32.5112
5 30 32.1656
5 31 31.7469
5 32 31.2428
5 33 30.6376
5 34 29.9108
5 35 29.0364
5 36 27.9822
5 37 26.71
5 38 25.18
5 39 23.3587

6 1 9.86289
6 2 13.2196
6 3 16.1732
6 4 18.7204
6 5 20.8925
6 6 22.7357
6 7 24.2986
6 8 25.6261
6 9 26.7566
6 10 27.7219
6 11 28.548
6 12 29.2555
6 13 29.8612
6 14 30.3783
6 15 30.8175
6 16 31.1871
6 17 31.4937
6 18 31.7426
6 19 31.9378
6 20 32.0823
6 21 32.178
6 22 32.2262
6 23 32.2273
6 24 32.181
6 25 32.0861
6 26 31.9407
6 27 31.7416
6 28 31.4848
6 29 31.1648
6 30 30.7746
6 31 30.3051
6 32 29.7451
6 33 29.0802
6 34 28.293
6 35 27.3627
6 36 26.2651
6 37 24.9745
6 38 23.4668
6 39 21.7257

7 1 8.721
7 2 11.7511
7 3 14.4877
7 4 16.9135
7 5 19.0374
7 6 20.8834
7 7 22.4817
7 8 23.8635
7 9 25.0579
7 10 26.0905
7 11 26.9833
7 12 27.7545
7 13 28.4194
7 14 28.9904
7 15 29.4776
7 16 29.8892
7 17 30.232
7 18 30.511
7 19 30.7304
7 20 30.8931
7 21 31.0015
7 22 31.0566
7 23 31.0591
7 24 31.0085
7 25 30.9039
7 26 30.7431
7 27 30.5233
7 28 30.2405
7 29 29.8896
7 30 29.4638
7 31 28.9549
7 32 28.353
7 33 27.6458
7 34 26.8192
7 35 25.8569
7 36 24.7418
7 37 23.4567
7 38 21.9876
7 39 20.3273

8 1 7.81959
8 2 10.5763
8 3 13.1132
8 4 15.4089
8 5 17.4609
8 6 19.2793
8 7 20.8817
8 8 22.2888
8 9 23.5216
8 10 24.5997
8 11 25.541
8 12 26.3608
8 13 27.0724
8 14 27.6871
8 15 28.2142
8 16 28.6614
8 17 29.0349
8 18 29.34
8 19 29.5806
8 20 29.7596
8 21 29.8793
8 22 29.9409
8 23 29.945
8 24 29.8913
8 25 29.7788
8 26 29.6057
8 27 29.3692
8 28 29.0656
8 29 28.6902
8 30 28.237
8 31 27.6988
8 32 27.0671
8 33 26.3318
8 34 25.4818
8 35 24.505
8 36 23.3892
8 37 22.1236
8 38 20.7003
8 39 19.1171

9 1 7.09402
9 2 9.62165
9 3 11.9803
9 4 14.1486
9 5 16.1183
9 6 17.8917
9 7 19.4778
9 8 20.8893
9 9 22.1407
9 10 23.2467
9 11 24.2209
9 12 25.0761
9 13 25.8234
9 14 26.4725
9 15 27.0318
9 16 27.5082
9 17 27.9076
9 18 28.2348
9 19 28.4935
9 20 28.6867
9 21 28.8164
9 22 28.8839
9 23 28.8899
9 24 28.8341
9 25 28.7157
9 26 28.5329
9 27 28.2834
9 28 27.9637
9 29 27.5698
9 30 27.0964
9 31 26.5374
9 32 25.8858
9 33 25.1336
9 34 24.2723
9 35 23.2929
9 36 22.1875
9 37 20.9491
9 38 19.5739
9 39 18.0623

10 1 6.50131
10 2 8.83628
10 3 11.0382
10 4 13.0872
10 5 14.9727
10 6 16.6922
10 7 18.2491
10 8 19.6507
10 9 20.9063
10 10 22.0262
10 11 23.021
10 12 23.9004
10 13 24.6737
10 14 25.349
10 15 25.9335
10 16 26.4333
10 17 26.8538
10 18 27.1993
10 19 27.4733
10 20 27.6786
10 21 27.817
10 22 27.89
10 23 27.898
10 24 27.841
10 25 27.7183
10 26 27.5283
10 27 27.269
10 28 26.9375
10 29 26.5302
10 30 26.0427
10 31 25.47
10 32 24.8064
10 33 24.0458
10 34 23.1818
10 35 22.2082
10 36 21.1196
10 37 19.9122
10 38 18.5846
10 39 17.1388

11 1 6.01188
11 2 8.18427
11 3 10.2496
11 4 12.1898
11 5 13.9936
11 6 15.6559
11 7 17.1766
11 8 18.5588
11 9 19.8083
11 10 20.932
11 11 21.9374
11 12 22.8321
11 13 23.6232
11 14 24.3175
11 15 24.9211
11 16 25.4392
11 17 25.8765
11 18 26.2368
11 19 26.5234
11 20 26.7388
11 21 26.8847
11 22 26.9624
11 23 26.9726
11 24 26.9152
11 25 26.7896
11 26 26.5946
11 27 26.3284
11 28 25.9886
11 29 25.5722
11 30 25.0755
11 31 24.4947
11 32 23.8253
11 33 23.0626
11 34 22.2021
11 35 21.2395
11 36 20.1717
11 37 18.9966
11 38 17.7146
11 39 16.3285

12 1 5.60479
12 2 7.63968
12 3 9.58659
12 4 11.4293
12 5 13.1566
12 6 14.7621
12 7 16.2433
12 8 17.6007
12 9 18.8373
12 10 19.9572
12 11 20.9658
12 12 21.8684
12 13 22.6708
12 14 23.3782
12 15 23.9955
12 16 24.5274
12 17 24.9776
12 18 25.3497
12 19 25.6464
12 20 25.87
12 21 26.0222
12 22 26.1041
12 23 26.1165
12 24 26.0593
12 25 25.932
12 26 25.7338
12 27 25.463
12 28 25.1179
12 29 24.6959
12 30 24.1942
12 31 23.6096
12 32 22.9389
12 33 22.1787
12 34 21.3257
12 35 20.3775
12 36 19.3321
12 37 18.1891
12 38 16.9497
12 39 15.6174

13 1 5.26488
13 2 7.18348
13 3 9.0283
13 4 10.7848
13 5 12.4422
13 6 13.9935
13 7 15.4347
13 8 16.7645
13 9 17.9838
13 10 19.095
13 11 20.1012
13 12 21.0065
13 13 21.8148
13 14 22.5303
13 15 23.157
13 16 23.6987
13 17 24.1585
13 18 24.5395
13 19 24.8441
13 20 25.0743
13 21 25.2316
13 22 25.3172
13 23 25.3317
13 24 25.2751
13 25 25.1471
13 26 24.9471
13 27 24.6738
13 28 24.3257
13 29 23.9009
13 30 23.3972
13 31 22.8122
13 32 22.1436
13 33 21.3889
13 34 20.5461
13 35 19.6138
13 36 18.5913
13 37 17.479
13 38 16.279
13 39 14.9947

14 1 4.98102
14 2 6.80148
14 3 8.55884
14 4 10.24
14 5 11.8348
14 6 13.3358
14 7 14.7383
14 8 16.0398
14 9 17.2398
14 10 18.3389
14 11 19.3391
14 12 20.2428
14 13 21.053
14 14 21.7728
14 15 22.4053
14 16 22.9534
14 17 23.42
14 18 23.8074
14 19 24.1179
14 20 24.3532
14 21 24.5147
14 22 24.6033
14 23 24.6197
14 24 24.5641
14 25 24.4362
14 26 24.2356
14 27 23.9612
14 28 23.6121
14 29 23.1866
14 30 22.6832
14 31 22.1002
14 32 21.4359
14 33 20.6887
14 34 19.8576
14 35 18.9418
14 36 17.9416
14 37 16.8581
14 38 15.6936
14 39 14.4519

15 1 4.74488
15 2 6.48303
15 3 8.16613
15 4 9.78229
15 5 11.3219
15 6 12.7775
15 7 14.1439
15 8 15.4178
15 9 16.5977
15 10 17.683
15 11 18.6747
15 12 19.5741
15 13 20.3832
15 14 21.1042
15 15 21.7395
15 16 22.2914
15 17 22.7623
15 18 23.1542
15 19 23.4689
15 20 23.7079
15 21 23.8725
15 22 23.9636
15 23 23.9818
15 24 23.9273
15 25 23.8
15 26 23.5996
15 27 23.3254
15 28 22.9766
15 29 22.552
15 30 22.0507
15 31 21.4712
15 32 20.8127
15 33 20.0742
15 34 19.2552
15 35 18.3557
15 36 17.3766
15 37 16.3194
15 38 15.1867
15 39 13.9823

16 1 4.55026
16 2 6.22009
16 3 7.84092
16 4 9.40184
16 5 10.8937
16 6 12.3093
16 7 13.643
16 8 14.8911
16 9 16.0512
16 10 17.1222
16 11 18.104
16 12 18.9972
16 13 19.803
16 14 20.5229
16 15 21.1587
16 16 21.7123
16 17 22.1855
16 18 22.58
16 19 22.8974
16 20 23.1389
16 21 23.3058
16 22 23.3988
16 23 23.4185
16 24 23.3652
16 25 23.2389
16 26 23.0394
16 27 22.7662
16 28 22.4187
16 29 21.9962
16 30 21.498
16 31 20.9232
16 32 20.2712
16 33 19.5418
16 34 18.7348
16 35 17.8509
16 36 16.8911
16 37 15.8574
16 38 14.7527
16 39 13.5807

17 1 4.3925
17 2 6.00661
17 3 7.57621
17 4 9.09115
17 5 10.5427
17 6 11.9238
17 7 13.2288
17 8 14.4535
17 9 15.5952
17 10 16.6521
17 11 17.6234
17 12 18.5093
17 13 19.3103
17 14 20.0275
17 15 20.662
17 16 21.2155
17 17 21.6893
17 18 22.0849
17 19 22.4037
17 20 22.6467
17 21 22.815
17 22 22.9094
17 23 22.9303
17 24 22.8782
17 25 22.7531
17 26 22.5548
17 27 22.2832
17 28 21.9378
17 29 21.5181
17 30 21.0237
17 31 20.4541
17 32 19.8091
17 33 19.0886
17 34 18.2931
17 35 17.4234
17 36 16.481
17 37 15.468
17 38 14.3873
17 39 13.2427

18 1 4.26817
18 2 5.83811
18 3 7.36676
18 4 8.84454
18 5 10.2631
18 6 11.6155
18 7 12.896
18 8 14.1003
18 9 15.2252
18 10 16.2688
18 11 17.2298
18 12 18.1079
18 13 18.9032
18 14 19.6163
18 15 20.2483
18 16 20.8002
18 17 21.2733
18 18 21.6687
18 19 21.9877
18 20 22.2312
18 21 22.4002
18 22 22.4954
18 23 22.5174
18 24 22.4663
18 25 22.3425
18 26 22.1458
18 27 21.8761
18 28 21.5332
18 29 21.1168
18 30 20.6266
18 31 20.0624
18 32 19.4242
18 33 18.7123
18 34 17.9273
18 35 17.0703
18 36 16.1429
18 37 15.1476
18 38 14.0871
18 39 12.9653

19 1 4.17482
19 2 5.71138
19 3 7.2088
19 4 8.65788
19 5 10.0505
19 6 11.3799
19 7 12.6404
19 8 13.8275
19 9 14.938
19 10 15.9695
19 11 16.9206
19 12 17.7908
19 13 18.5798
19 14 19.2881
19 15 19.9164
19 16 20.4656
19 17 20.9368
19 18 21.331
19 19 21.6492
19 20 21.8924
19 21 22.0614
19 22 22.1569
19 23 22.1795
19 24 22.1294
19 25 22.0068
19 26 21.8119
19 27 21.5444
19 28 21.2042
19 29 20.7913
19 30 20.3054
19 31 19.7465
19 32 19.1148
19 33 18.4108
19 34 17.6351
19 35 16.7891
19 36 15.8745
19 37 14.8937
19 38 13.8496
19 39 12.7461

20 1 4.11082
20 2 5.62428
20 3 7.09979
20 4 8.52838
20 5 9.90215
20 6 11.2143
20 7 12.4593
20 8 13.6327
20 9 14.731
20 10 15.752
20 11 16.6941
20 12 17.5564
20 13 18.3389
20 14 19.0418
20 15 19.6656
20 16 20.2111
20 17 20.6793
20 18 21.0712
20 19 21.3877
20 20 21.6298
20 21 21.7982
20 22 21.8936
20 23 21.9164
20 24 21.8671
20 25 21.7458
20 26 21.5526
20 27 21.2874
20 28 20.9502
20 29 20.5408
20 30 20.0592
20 31 19.5054
20 32 18.8798
20 33 18.1827
20 34 17.415
20 35 16.5782
20 36 15.6738
20 37 14.7044
20 38 13.673
20 39 12.5832

21 1 4.07529
21 2 5.57563
21 3 7.03832
21 4 8.45446
21 5 9.81622
21 6 11.1169
21 7 12.351
21 8 13.514
21 9 14.6028
21 10 15.6148
21 11 16.5487
21 12 17.4036
21 13 18.1794
21 14 18.8763
21 15 19.4948
21 16 20.0358
21 17 20.5001
21 18 20.8888
21 19 21.2028
21 20 21.443
21 21 21.6102
21 22 21.7049
21 23 21.7277
21 24 21.679
21 25 21.5588
21 26 21.3674
21 27 21.1045
21 28 20.7703
21 29 20.3645
21 30 19.8871
21 31 19.3382
21 32 18.718
21 33 18.0269
21 34 17.2659
21 35 16.4363
21 36 15.5398
21 37 14.5787
21 38 13.5561
21 39 12.4756

22 1 4.06799
22 2 5.56513
22 3 7.02401
22 4 8.43566
22 5 9.79224
22 6 11.0871
22 7 12.3147
22 8 13.4709
22 9 14.5525
22 10 15.5573
22 11 16.4838
22 12 17.3316
22 13 18.1005
22 14 18.7909
22 15 19.4034
22 16 19.939
22 17 20.3986
22 18 20.7832
22 19 21.0939
22 20 21.3314
22 21 21.4967
22 22 21.5903
22 23 21.6128
22 24 21.5644
22 25 21.4453
22 26 21.2556
22 27 20.9953
22 28 20.6641
22 29 20.2619
22 30 19.7887
22 31 19.2442
22 32 18.6289
22 33 17.943
22 34 17.1873
22 35 16.363
22 36 15.4718
22 37 14.516
22 38 13.4985
22 39 12.423

23 1 4.08941
23 2 5.59338
23 3 7.05754
23 4 8.47268
23 5 9.83086
23 6 11.1254
23 7 12.3511
23 8 13.5037
23 9 14.5804
23 10 15.5793
23 11 16.4993
23 12 17.3401
23 13 18.1018
23 14 18.7851
23 15 19.3909
23 16 19.9202
23 17 20.374
23 18 20.7536
23 19 21.06
23 20 21.2942
23 21 21.457
23 22 21.549
23 23 21.5708
23 24 21.5226
23 25 21.4046
23 26 21.2167
23 27 20.9589
23 28 20.6309
23 29 20.2325
23 30 19.7633
23 31 19.2232
23 32 18.6122
23 33 17.9306
23 34 17.1789
23 35 16.3581
23 36 15.4699
23 37 14.5164
23 38 13.5003
23 39 12.4254

24 1 4.14073
24 2 5.66192
24 3 7.14067
24 4 8.5674
24 5 9.93395
24 6 11.2337
24 7 12.4615
24 8 13.6136
24 9 14.6874
24 10 15.6816
24 11 16.5955
24 12 17.4292
24 13 18.1833
24 14 18.8587
24 15 19.4567
24 16 19.9786
24 17 20.4256
24 18 20.7992
24 19 21.1004
24 20 21.3305
24 21 21.4901
24 22 21.5801
24 23 21.6009
24 24 21.5527
24 25 21.4358
24 26 21.2499
24 27 20.9948
24 28 20.6703
24 29 20.2757
24 30 19.8107
24 31 19.2749
24 32 18.668
24 33 17.99
24 34 17.2412
24 35 16.4224
24 36 15.5349
24 37 14.5806
24 38 13.5624
24 39 12.4837

25 1 4.22398
25 2 5.77337
25 3 7.27643
25 4 8.723
25 5 10.1047
25 6 11.4148
25 7 12.6487
25 8 13.8028
25 9 14.8754
25 10 15.8656
25 11 16.7733
25 12 17.5994
25 13 18.345
25 14 19.0114
25 15 19.6004
25 16 20.1136
25 17 20.5526
25 18 20.919
25 19 21.2141
25 20 21.4391
25 21 21.5949
25 22 21.6824
25 23 21.7019
25 24 21.6538
25 25 21.5379
25 26 21.3543
25 27 21.1023
25 28 20.7816
25 29 20.3913
25 30 19.9309
25 31 19.3995
25 32 18.7967
25 33 18.1219
25 34 17.3752
25 35 16.5569
25 36 15.668
25 37 14.7103
25 38 13.6862
25 39 12.5993

26 1 4.34215
26 2 5.9316
26 3 7.46926
26 4 8.94419
26 5 10.3477
26 6 11.6733
26 7 12.9165
26 8 14.0748
26 9 15.1471
26 10 16.1333
26 11 17.0343
26 12 17.8517
26 13 18.5873
26 14 19.2432
26 15 19.8216
26 16 20.3246
26 17 20.7541
26 18 21.112
26 19 21.3998
26 20 21.6188
26 21 21.7702
26 22 21.8546
26 23 21.8727
26 24 21.8245
26 25 21.71
26 26 21.5289
26 27 21.2806
26 28 20.9643
26 29 20.579
26 30 20.1238
26 31 19.5975
26 32 18.999
26 33 18.3274
26 34 17.5823
26 35 16.7635
26 36 15.8715
26 37 14.9076
26 38 13.8742
26 39 12.7746

27 1 4.49948
27 2 6.14208
27 3 7.72538
27 4 9.23749
27 5 10.6694
27 6 12.0149
27 7 13.2703
27 8 14.434
27 9 15.506
27 10 16.4874
27 11 17.3803
27 12 18.1872
27 13 18.9109
27 14 19.5542
27 15 20.12
27 16 20.6108
27 17 21.029
27 18 21.3768
27 19 21.656
27 20 21.8681
27 21 22.0142
27 22 22.0952
27 23 22.1116
27 24 22.0634
27 25 21.9506
27 26 21.7726
27 27 21.5287
27 28 21.2178
27 29 20.8386
27 30 20.3896
27 31 19.8693
27 32 19.276
27 33 18.6082
27 34 17.8647
27 35 17.0448
27 36 16.1482
27 37 15.1758
27 38 14.1295
27 39 13.0126

28 1 4.70183
28 2 6.41226
28 3 8.05321
28 4 9.61161
28 5 11.0783
28 6 12.4475
28 7 13.7168
28 8 14.886
28 9 15.9565
28 10 16.9313
28 11 17.8136
28 12 18.6073
28 13 19.3163
28 14 19.9443
28 15 20.4949
28 16 20.9712
28 17 21.3761
28 18 21.7121
28 19 21.9812
28 20 22.1852
28 21 22.3253
28 22 22.4023
28 23 22.4168
28 24 22.3689
28 25 22.2582
28 26 22.0841
28 27 21.8456
28 28 21.5414
28 29 21.1696
28 30 20.7285
28 31 20.2158
28 32 19.6291
28 33 18.9662
28 34 18.2251
28 35 17.404
28 36 16.502
28 37 15.5191
28 38 14.4567
28 39 13.3178

29 1 4.95721
29 2 6.75234
29 3 8.46409
29 4 10.0781
29 5 11.5852
29 6 12.9809
29 7 14.2644
29 8 15.4375
29 9 16.504
29 10 17.4687
29 11 18.3368
29 12 19.1135
29 13 19.8041
29 14 20.4133
29 15 20.9455
29 16 21.4045
29 17 21.7937
29 18 22.1158
29 19 22.3733
29 20 22.5679
29 21 22.7011
29 22 22.7737
29 23 22.7862
29 24 22.7388
29 25 22.6309
29 26 22.4617
29 27 22.23
29 28 21.9341
29 29 21.5718
29 30 21.1406
29 31 20.6377
29 32 20.0599
29 33 19.404
29 34 18.6668
29 35 17.8455
29 36 16.938
29 37 15.9431
29 38 14.8615
29 39 13.6957

30 1 5.27668
30 2 7.17618
30 3 8.97319
30 4 10.652
30 5 12.2042
30 6 13.6272
30 7 14.9231
30 8 16.0966
30 9 17.1544
30 10 18.1039
30 11 18.9524
30 12 19.7071
30 13 20.3746
30 14 20.9607
30 15 21.4707
30 16 21.9092
30 17 22.2798
30 18 22.5858
30 19 22.8297
30 20 23.0137
30 21 23.139
30 22 23.2068
30 23 23.2174
30 24 23.1708
30 25 23.0665
30 26 22.9036
30 27 22.6803
30 28 22.3948
30 29 22.0444
30 30 21.626
30 31 21.136
30 32 20.5703
30 33 19.9245
30 34 19.194
30 35 18.3746
30 36 17.4624
30 37 16.4549
30 38 15.3515
30 39 14.1539

31 1 5.67567
31 2 7.70284
31 3 9.6009
31 4 11.3532
31 5 12.953
31 6 14.4015
31 7 15.7049
31 8 16.8723
31 9 17.9141
31 10 18.841
31 11 19.6629
31 12 20.389
31 13 21.0276
31 14 21.5855
31 15 22.0689
31 16 22.483
31 17 22.8319
31 18 23.1192
31 19 23.3477
31 20 23.5195
31 21 23.6361
31 22 23.6985
31 23 23.7072
31 24 23.6621
31 25 23.5624
31 26 23.4071
31 27 23.1944
31 28 22.9219
31 29 22.5864
31 30 22.1844
31 31 21.7113
31 32 21.162
31 33 20.5308
31 34 19.8114
31 35 18.9975
31 36 18.0832
31 37 17.0637
31 38 15.9365
31 39 14.7022

32 1 6.1761
32 2 8.35892
32 3 10.3748
32 4 12.2072
32 5 13.8537
32 6 15.3215
32 7 16.6234
32 8 17.7743
32 9 18.7897
32 10 19.684
32 11 20.4702
32 12 21.1597
32 13 21.7622
32 14 22.2859
32 15 22.7377
32 16 23.1232
32 17 23.447
32 18 23.7129
32 19 23.9238
32 20 24.0819
32 21 24.1887
32 22 24.2454
32 23 24.2523
32 24 24.2092
32 25 24.1154
32 26 23.9696
32 27 23.7697
32 28 23.5131
32 29 23.1964
32 30 22.8152
32 31 22.3641
32 32 21.837
32 33 21.2265
32 34 20.5244
32 35 19.7219
32 36 18.8102
32 37 17.7812
32 38 16.6295
32 39 15.3536

33 1 6.80997
33 2 9.1822
33 3 11.3326
33 4 13.2477
33 5 14.9337
33 6 16.4081
33 7 17.6934
33 8 18.8126
33 9 19.7871
33 10 20.6359
33 11 21.3751
33 12 22.0183
33 13 22.5767
33 14 23.0594
33 15 23.4739
33 16 23.8262
33 17 24.1212
33 18 24.3627
33 19 24.5538
33 20 24.6967
33 21 24.7929
33 22 24.8434
33 23 24.8486
33 24 24.8083
33 25 24.7217
33 26 24.5873
33 27 24.403
33 28 24.1658
33 29 23.8721
33 30 23.5169
33 31 23.0941
33 32 22.5964
33 33 22.0148
33 34 21.3389
33 35 20.5566
33 36 19.6553
33 37 18.6223
33 38 17.4475
33 39 16.1256

34 1 7.62554
34 2 10.2276
34 3 12.5259
34 4 14.5175
34 5 16.2256
34 6 17.6844
34 7 18.9302
34 8 19.9962
34 9 20.9109
34 10 21.6981
34 11 22.3769
34 12 22.9627
34 13 23.4678
34 14 23.902
34 15 24.2732
34 16 24.5875
34 17 24.8499
34 18 25.0641
34 19 25.2332
34 20 25.3592
34 21 25.4438
34 22 25.4878
34 23 25.4916
34 24 25.4549
34 25 25.3768
34 26 25.256
34 27 25.0901
34 28 24.8763
34 29 24.6103
34 30 24.2872
34 31 23.9001
34 32 23.4407
34 33 22.8985
34 34 22.2605
34 35 21.5113
34 36 20.6328
34 37 19.6061
34 38 18.4132
34 39 17.0423

35 1 8.69879
35 2 11.5769
35 3 14.0263
35 4 16.0714
35 5 17.7671
35 6 19.1742
35 7 20.3472
35 8 21.3315
35 9 22.163
35 10 22.8694
35 11 23.4723
35 12 23.9884
35 13 24.4305
35 14 24.8085
35 15 25.1302
35 16 25.4016
35 17 25.6276
35 18 25.8116
35 19 25.9565
35 20 26.0642
35 21 26.1363
35 22 26.1735
35 23 26.1761
35 24 26.1438
35 25 26.0758
35 26 25.9707
35 27 25.8263
35 28 25.6397
35 29 25.4068
35 30 25.1223
35 31 24.7793
35 32 24.3687
35 33 23.8787
35 34 23.2942
35 35 22.5958
35 36 21.7594
35 37 20.7566
35 38 19.5577
35 39 18.1378

36 1 10.1561
36 2 13.3552
36 3 15.9312
36 4 17.9748
36 5 19.5977
36 6 20.8983
36 7 21.9535
36 8 22.8203
36 9 23.5405
36 10 24.1447
36 11 24.6552
36 12 25.0888
36 13 25.4579
36 14 25.772
36 15 26.0382
36 16 26.2621
36 17 26.4479
36 18 26.599
36 19 26.7177
36 20 26.8058
36 21 26.8645
36 22 26.8946
36 23 26.8962
36 24 26.8692
36 25 26.8127
36 26 26.7255
36 27 26.6055
36 28 26.4502
36 29 26.2555
36 30 26.0167
36 31 25.7268
36 32 25.3767
36 33 24.9542
36 34 24.4425
36 35 23.819
36 36 23.0528
36 37 22.1039
36 38 20.9237
36 39 19.4629

37 1 12.2229
37 2 15.7568
37 3 18.3688
37 4 20.299
37 5 21.7508
37 6 22.8683
37 7 23.7484
37 8 24.4559
37 9 25.0345
37 10 25.514
37 11 25.9156
37 12 26.2542
37 13 26.5409
37 14 26.7838
37 15 26.989
37 16 27.1612
37 17 27.3037
37 18 27.4194
37 19 27.5101
37 20 27.5773
37 21 27.622
37 22 27.6448
37 23 27.6457
37 24 27.6247
37 25 27.581
37 26 27.5136
37 27 27.4209
37 28 27.3005
37 29 27.1492
37 30 26.9627
37 31 26.735
37 32 26.4578
37 33 26.1194
37 34 25.7033
37 35 25.1852
37 36 24.5294
37 37 23.6831
37 38 22.5708
37 39 21.0967

38 1 15.3394
38 2 19.0804
38 3 21.4883
38 4 23.102
38 5 24.2384
38 6 25.0757
38 7 25.7162
38 8 26.2209
38 9 26.6278
38 10 26.9617
38 11 27.2392
38 12 27.472
38 13 27.6682
38 14 27.8338
38 15 27.9734
38 16 28.0903
38 17 28.1869
38 18 28.2652
38 19 28.3265
38 20 28.3719
38 21 28.402
38 22 28.4172
38 23 28.4178
38 24 28.4033
38 25 28.3736
38 26 28.3277
38 27 28.2644
38 28 28.1822
38 29 28.0786
38 30 27.9505
38 31 27.7932
38 32 27.6004
38 33 27.3628
38 34 27.0665
38 35 26.6896
38 36 26.1968
38 37 25.5284
38 38 24.5802
38 39 23.1746

39 1 20.4672
39 2 23.7374
39 3 25.402
39 4 26.3823
39 5 27.0252
39 6 27.4802
39 7 27.82
39 8 28.0838
39 9 28.2944
39 10 28.466
39 11 28.6079
39 12 28.7265
39 13 28.8262
39 14 28.9102
39 15 28.9808
39 16 29.0399
39 17 29.0887
39 18 29.1282
39 19 29.1591
39 20 29.182
39 21 29.1972
39 22 29.2048
39 23 29.205
39 24 29.1977
39 25 29.1826
39 26 29.1594
39 27 29.1273
39 28 29.0856
39 29 29.0329
39 30 28.9676
39 31 28.8872
39 32 28.7882
39 33 28.6653
39 34 28.5104
39 35 28.31
39 36 28.0401
39 37 27.6539
39 38 27.047
39 39 25.954

