1 1 27.1855
1 2 31.5072
1 3 33.6887
1 4 34.9586
1 5 35.7796
1 6 36.3511
1 7 36.7702
1 8 37.0892
1 9 37.3388
1 10 37.5381
1 11 37.6995
1 12 37.8316
1 13 37.9404
1 14 38.0303
1 15 38.1044
1 16 38.1653
1 17 38.2146
1 18 38.2538
1 19 38.2838
1 20 38.3053
1 21 38.3189
1 22 38.3249
1 23 38.3233
1 24 38.314
1 25 38.2967
1 26 38.2708
1 27 38.2355
1 28 38.1896
1 29 38.1313
1 30 38.0584
1 31 37.9675
1 32 37.8538
1 33 37.7104
1 34 37.5261
1 35 37.283
1 36 36.949
1 37 36.4616
1 38 35.6815
1 39 34.2548

2 1 20.2445
2 2 25.1555
2 3 28.2901
2 4 30.3673
2 5 31.81
2 6 32.8562
2 7 33.6422
2 8 34.2499
2 9 34.7302
2 10 35.1164
2 11 35.4308
2 12 35.6891
2 13 35.9025
2 14 36.0792
2 15 36.2253
2 16 36.3452
2 17 36.4426
2 18 36.52
2 19 36.5793
2 20 36.622
2 21 36.649
2 22 36.6609
2 23 36.6578
2 24 36.6395
2 25 36.6055
2 26 36.5545
2 27 36.4851
2 28 36.3949
2 29 36.2806
2 30 36.138
2 31 35.9609
2 32 35.7405
2 33 35.4644
2 34 35.1137
2 35 34.6594
2 36 34.0542
2 37 33.218
2 38 32.0118
2 39 30.1988

3 1 15.9854
3 2 20.5818
3 3 23.9507
3 4 26.413
3 5 28.24
3 6 29.6246
3 7 30.6963
3 8 31.542
3 9 32.2202
3 10 32.7711
3 11 33.2232
3 12 33.5969
3 13 33.907
3 14 34.1646
3 15 34.3782
3 16 34.5541
3 17 34.6971
3 18 34.8109
3 19 34.8983
3 20 34.9613
3 21 35.0012
3 22 35.0188
3 23 35.0145
3 24 34.9879
3 25 34.9381
3 26 34.8636
3 27 34.7623
3 28 34.6308
3 29 34.4649
3 30 34.2586
3 31 34.0037
3 32 33.689
3 33 33.2988
3 34 32.8106
3 35 32.1921
3 36 31.3951
3 37 30.3491
3 38 28.9533
3 39 27.0792

4 1 13.1263
4 2 17.2379
4 3 20.5211
4 4 23.0975
4 5 25.1167
4 6 26.7106
4 7 27.982
4 8 29.0077
4 9 29.8439
4 10 30.5317
4 11 31.1016
4 12 31.5761
4 13 31.9722
4 14 32.3029
4 15 32.578
4 16 32.8052
4 17 32.9904
4 18 33.1381
4 19 33.2517
4 20 33.3338
4 21 33.3859
4 22 33.4092
4 23 33.404
4 24 33.3698
4 25 33.3058
4 26 33.21
4 27 33.0797
4 28 32.9113
4 29 32.6994
4 30 32.4373
4 31 32.1156
4 32 31.7219
4 33 31.2397
4 34 30.6462
4 35 29.9109
4 36 28.9925
4 37 27.8371
4 38 26.3794
4 39 24.5533

5 1 11.0802
5 2 14.7256
5 3 17.8024
5 4 20.344
5 5 22.4245
5 6 24.1255
5 7 25.5206
5 8 26.6708
5 9 27.6245
5 10 28.4196
5 11 29.0853
5 12 29.6442
5 13 30.114
5 14 30.5082
5 15 30.8377
5 16 31.1108
5 17 31.334
5 18 31.5125
5 19 31.6501
5 20 31.7497
5 21 31.8132
5 22 31.8419
5 23 31.8361
5 24 31.7955
5 25 31.7189
5 26 31.6044
5 27 31.4489
5 28 31.2484
5 29 30.9972
5 30 30.6882
5 31 30.3117
5 32 29.8554
5 33 29.3032
5 34 28.6346
5 35 27.8232
5 36 26.8366
5 37 25.6365
5 38 24.1826
5 39 22.4411

6 1 9.54656
6 2 12.7859
6 3 15.6239
6 4 18.0576
6 5 20.1188
6 6 21.8542
6 7 23.3129
6 8 24.5401
6 9 25.5745
6 10 26.4484
6 11 27.188
6 12 27.8146
6 13 28.3449
6 14 28.7926
6 15 29.1686
6 16 29.4815
6 17 29.7381
6 18 29.9439
6 19 30.103
6 20 30.2184
6 21 30.2923
6 22 30.3261
6 23 30.3202
6 24 30.2742
6 25 30.187
6 26 30.0566
6 27 29.8798
6 28 29.6525
6 29 29.369
6 30 29.0222
6 31 28.6028
6 32 28.0994
6 33 27.4974
6 34 26.7792
6 35 25.9237
6 36 24.9063
6 37 23.7011
6 38 22.2837
6 39 20.6374

7 1 8.35701
7 2 11.252
7 3 13.8556
7 4 16.1508
7 5 18.1472
7 6 19.8692
7 7 21.3475
7 8 22.6138
7 9 23.6976
7 10 24.6251
7 11 25.4185
7 12 26.0965
7 13 26.6747
7 14 27.1658
7 15 27.5803
7 16 27.9267
7 17 28.2119
7 18 28.4412
7 19 28.619
7 20 28.7484
7 21 28.8317
7 22 28.8703
7 23 28.8646
7 24 28.8144
7 25 28.7186
7 26 28.5752
7 27 28.3811
7 28 28.1322
7 29 27.8232
7 30 27.4473
7 31 26.9961
7 32 26.4593
7 33 25.8246
7 34 25.0773
7 35 24.2011
7 36 23.1783
7 37 21.9915
7 38 20.6263
7 39 19.075

8 1 7.41021
8 2 10.015
8 3 12.4023
8 4 14.5512
8 5 16.4597
8 6 18.1386
8 7 19.6061
8 8 20.8833
8 9 21.9917
8 10 22.9516
8 11 23.781
8 12 24.496
8 13 25.1101
8 14 25.635
8 15 26.0803
8 16 26.4541
8 17 26.763
8 18 27.0122
8 19 27.206
8 20 27.3475
8 21 27.439
8 22 27.4819
8 23 27.4769
8 24 27.4236
8 25 27.3211
8 26 27.1674
8 27 26.9598
8 28 26.6943
8 29 26.3661
8 30 25.9691
8 31 25.4958
8 32 24.9373
8 33 24.2835
8 34 23.5227
8 35 22.6427
8 36 21.6308
8 37 20.4757
8 38 19.1693
8 39 17.7087

9 1 6.64181
9 2 9.00166
9 3 11.195
9 4 13.201
9 5 15.0124
9 6 16.6317
9 7 18.0687
9 8 19.3367
9 9 20.4508
9 10 21.4261
9 11 22.2769
9 12 23.0162
9 13 23.6558
9 14 24.2057
9 15 24.6747
9 16 25.0701
9 17 25.398
9 18 25.6634
9 19 25.8705
9 20 26.0222
9 21 26.1208
9 22 26.1677
9 23 26.1636
9 24 26.1083
9 25 26.0009
9 26 25.8396
9 27 25.6219
9 28 25.3444
9 29 25.0026
9 30 24.5912
9 31 24.1039
9 32 23.5333
9 33 22.871
9 34 22.1082
9 35 21.2358
9 36 20.245
9 37 19.1287
9 38 17.8826
9 39 16.5066

10 1 6.00909
10 2 8.16144
10 3 10.1834
10 4 12.0558
10 5 13.7689
10 6 15.3207
10 7 16.7154
10 8 17.9607
10 9 19.0668
10 10 20.0446
10 11 20.9049
10 12 21.6583
10 13 22.3143
10 14 22.8816
10 15 23.3678
10 16 23.7795
10 17 24.1221
10 18 24.4005
10 19 24.6182
10 20 24.7783
10 21 24.8829
10 22 24.9334
10 23 24.9305
10 24 24.874
10 25 24.7633
10 26 24.5967
10 27 24.3721
10 28 24.0864
10 29 23.7358
10 30 23.3159
10 31 22.8211
10 32 22.2457
10 33 21.583
10 34 20.8263
10 35 19.969
10 36 19.0053
10 37 17.9309
10 38 16.7438
10 39 15.4454

11 1 5.48272
11 2 7.45878
11 3 9.33066
11 4 11.081
11 5 12.6994
11 6 14.1815
11 7 15.5277
11 8 16.7421
11 9 17.8309
11 10 18.8017
11 11 19.6625
11 12 20.4217
11 13 21.0867
11 14 21.665
11 15 22.1629
11 16 22.5862
11 17 22.9398
11 18 23.2279
11 19 23.454
11 20 23.6209
11 21 23.7304
11 22 23.784
11 23 23.7824
11 24 23.7256
11 25 23.6128
11 26 23.443
11 27 23.2141
11 28 22.9235
11 29 22.5681
11 30 22.1441
11 31 21.6471
11 32 21.0724
11 33 20.415
11 34 19.6698
11 35 18.8323
11 36 17.8987
11 37 16.8666
11 38 15.7356
11 39 14.508

12 1 5.04199
12 2 6.86807
12 3 8.60923
12 4 10.2501
12 5 11.7802
12 6 13.194
12 7 14.4896
12 8 15.6685
12 9 16.7341
12 10 17.6914
12 11 18.5463
12 12 19.3048
12 13 19.9731
12 14 20.557
12 15 21.062
12 16 21.4929
12 17 21.8542
12 18 22.1494
12 19 22.3818
12 20 22.5538
12 21 22.6674
12 22 22.7237
12 23 22.7234
12 24 22.6668
12 25 22.5532
12 26 22.3817
12 27 22.1507
12 28 21.8579
12 29 21.5008
12 30 21.0763
12 31 20.5809
12 32 20.011
12 33 19.3627
12 34 18.6325
12 35 17.8172
12 36 16.9146
12 37 15.9236
12 38 14.8449
12 39 13.6812

13 1 4.67194
13 2 6.37054
13 3 7.99859
13 4 9.54241
13 5 10.9921
13 6 12.3414
13 7 13.5871
13 8 14.7288
13 9 15.768
13 10 16.7078
13 11 17.5522
13 12 18.3055
13 13 18.9726
13 14 19.558
13 15 20.0664
13 16 20.5017
13 17 20.8678
13 18 21.1679
13 19 21.4047
13 20 21.5805
13 21 21.6971
13 22 21.7557
13 23 21.7569
13 24 21.7009
13 25 21.5874
13 26 21.4155
13 27 21.184
13 28 20.8912
13 29 20.5348
13 30 20.1124
13 31 19.6213
13 32 19.0588
13 33 18.4221
13 34 17.7086
13 35 16.9165
13 36 16.0443
13 37 15.0922
13 38 14.0614
13 39 12.9548

14 1 4.36162
14 2 5.95227
14 3 7.48319
14 4 8.94219
14 5 10.3199
14 6 11.6099
14 7 12.8083
14 8 13.9132
14 9 14.9251
14 10 15.8452
14 11 16.6762
14 12 17.4213
14 13 18.084
14 14 18.6679
14 15 19.1767
14 16 19.6138
14 17 19.9824
14 18 20.2854
14 19 20.5251
14 20 20.7036
14 21 20.8225
14 22 20.8829
14 23 20.8855
14 24 20.8304
14 25 20.7176
14 26 20.5464
14 27 20.3157
14 28 20.0242
14 29 19.6702
14 30 19.2518
14 31 18.7669
14 32 18.2135
14 33 17.5896
14 34 16.8935
14 35 16.1241
14 36 15.281
14 37 14.3648
14 38 13.3771
14 39 12.321

15 1 4.10287
15 2 5.60282
15 3 7.05121
15 4 8.43709
15 5 9.75172
15 6 10.9886
15 7 12.1434
15 8 13.2136
15 9 14.1985
15 10 15.0983
15 11 15.9147
15 12 16.6496
15 13 17.3058
15 14 17.8859
15 15 18.393
15 16 18.8299
15 17 19.1993
15 18 19.5035
15 19 19.7449
15 20 19.925
15 21 20.0455
15 22 20.1073
15 23 20.1112
15 24 20.0573
15 25 19.9457
15 26 19.7757
15 27 19.5468
15 28 19.2578
15 29 18.9073
15 30 18.494
15 31 18.0163
15 32 17.4727
15 33 16.8619
15 34 16.1829
15 35 15.4351
15 36 14.6189
15 37 13.735
15 38 12.7856
15 39 11.7736

16 1 3.88962
16 2 5.31433
16 3 6.69364
16 4 8.0176
16 5 9.27801
16 6 10.4685
16 7 11.5845
16 8 12.6229
16 9 13.5824
16 10 14.4625
16 11 15.2639
16 12 15.9879
16 13 16.6363
16 14 17.2113
16 15 17.7152
16 16 18.1504
16 17 18.5191
16 18 18.8234
16 19 19.0653
16 20 19.2463
16 21 19.3677
16 22 19.4306
16 23 19.4356
16 24 19.383
16 25 19.2727
16 26 19.1046
16 27 18.8779
16 28 18.592
16 29 18.2457
16 30 17.8381
16 31 17.3679
16 32 16.8343
16 33 16.2362
16 34 15.5733
16 35 14.8455
16 36 14.0533
16 37 13.1981
16 38 12.2819
16 39 11.3078

17 1 3.71732
17 2 5.08092
17 3 6.40369
17 4 7.67645
17 5 8.89147
17 6 10.0425
17 7 11.125
17 8 12.1355
17 9 13.072
17 10 13.9338
17 11 14.7208
17 12 15.4337
17 13 16.0739
17 14 16.643
17 15 17.1427
17 16 17.5752
17 17 17.9422
17 18 18.2457
17 19 18.4872
17 20 18.6684
17 21 18.7903
17 22 18.8539
17 23 18.8598
17 24 18.8083
17 25 18.6996
17 26 18.5334
17 27 18.3094
17 28 18.0269
17 29 17.6851
17 30 17.2833
17 31 16.8206
17 32 16.2965
17 33 15.7103
17 34 15.062
17 35 14.3519
17 36 13.5808
17 37 12.7501
17 38 11.8621
17 39 10.9199

18 1 3.58263
18 2 4.89822
18 3 6.17625
18 4 7.40813
18 5 8.5865
18 6 9.70531
18 7 10.7598
18 8 11.7466
18 9 12.6633
18 10 13.5088
18 11 14.2826
18 12 14.9851
18 13 15.6171
18 14 16.1799
18 15 16.675
18 16 17.104
18 17 17.4686
18 18 17.7705
18 19 18.0112
18 20 18.1919
18 21 18.3137
18 22 18.3777
18 23 18.3843
18 24 18.334
18 25 18.2268
18 26 18.0627
18 27 17.8413
18 28 17.5623
18 29 17.2249
18 30 16.8287
18 31 16.3731
18 32 15.8577
18 33 15.2821
18 34 14.6466
18 35 13.9516
18 36 13.1982
18 37 12.388
18 38 11.5232
18 39 10.6068

19 1 3.48316
19 2 4.76309
19 3 6.00765
19 4 7.20864
19 5 8.35896
19 6 9.45271
19 7 10.4852
19 8 11.4528
19 9 12.3532
19 10 13.1849
19 11 13.9471
19 12 14.6401
19 13 15.2644
19 14 15.821
19 15 16.3112
19 16 16.7364
19 17 17.0982
19 18 17.3979
19 19 17.6371
19 20 17.8169
19 21 17.9384
19 22 18.0024
19 23 18.0095
19 24 17.9601
19 25 17.8544
19 26 17.6923
19 27 17.4735
19 28 17.1978
19 29 16.8646
19 30 16.4736
19 31 16.0243
19 32 15.5165
19 33 14.95
19 34 14.3251
19 35 13.6426
19 36 12.9034
19 37 12.1094
19 38 11.2628
19 39 10.3665

20 1 3.41731
20 2 4.67345
20 3 5.89542
20 4 7.07525
20 5 8.20602
20 6 9.28193
20 7 10.2983
20 8 11.2516
20 9 12.1393
20 10 12.9599
20 11 13.7126
20 12 14.3973
20 13 15.0146
20 14 15.5653
20 15 16.0506
20 16 16.4718
20 17 16.8304
20 18 17.1276
20 19 17.3649
20 20 17.5434
20 21 17.6641
20 22 17.7279
20 23 17.7352
20 24 17.6866
20 25 17.5822
20 26 17.4219
20 27 17.2056
20 28 16.9329
20 29 16.6036
20 30 16.2171
20 31 15.7732
20 32 15.2717
20 33 14.7126
20 34 14.0962
20 35 13.4232
20 36 12.6948
20 37 11.9127
20 38 11.0792
20 39 10.1972

21 1 3.38419
21 2 4.62811
21 3 5.83814
21 4 7.00639
21 5 8.12601
21 6 9.19124
21 7 10.1975
21 8 11.1413
21 9 12.0201
21 10 12.8324
21 11 13.5776
21 12 14.2555
21 13 14.8667
21 14 15.4119
21 15 15.8925
21 16 16.3096
21 17 16.6646
21 18 16.959
21 19 17.1941
21 20 17.3709
21 21 17.4905
21 22 17.5537
21 23 17.5611
21 24 17.5131
21 25 17.4097
21 26 17.2511
21 27 17.037
21 28 16.7671
21 29 16.4411
21 30 16.0585
21 31 15.619
21 32 15.1225
21 33 14.5689
21 34 13.9586
21 35 13.2923
21 36 12.5711
21 37 11.7967
21 38 10.9714
21 39 10.098

22 1 3.38356
22 2 4.62676
22 3 5.83542
22 4 7.00158
22 5 8.11835
22 6 9.18002
22 7 10.1821
22 8 11.1211
22 9 11.9948
22 10 12.8018
22 11 13.5414
22 12 14.2139
22 13 14.8198
22 14 15.36
22 15 15.8359
22 16 16.2488
22 17 16.6001
22 18 16.8914
22 19 17.1238
22 20 17.2986
22 21 17.4168
22 22 17.4792
22 23 17.4864
22 24 17.4387
22 25 17.3363
22 26 17.1791
22 27 16.967
22 28 16.6995
22 29 16.3763
22 30 15.9969
22 31 15.561
22 32 15.0681
22 33 14.5183
22 34 13.9119
22 35 13.2493
22 36 12.5318
22 37 11.7608
22 38 10.9387
22 39 10.0683

23 1 3.41586
23 2 4.66993
23 3 5.88785
23 4 7.0614
23 5 8.18359
23 6 9.24869
23 7 10.2523
23 8 11.1912
23 9 12.0633
23 10 12.8676
23 11 13.6037
23 12 14.2719
23 13 14.8733
23 14 15.4088
23 15 15.8801
23 16 16.2886
23 17 16.6359
23 18 16.9236
23 19 17.1531
23 20 17.3255
23 21 17.442
23 22 17.5033
23 23 17.51
23 24 17.4625
23 25 17.3609
23 26 17.205
23 27 16.9947
23 28 16.7294
23 29 16.4086
23 30 16.0318
23 31 15.5984
23 32 15.108
23 33 14.5604
23 34 13.9556
23 35 13.294
23 36 12.5766
23 37 11.805
23 38 10.9812
23 39 10.1081

24 1 3.4822
24 2 4.75906
24 3 5.99707
24 4 7.18759
24 5 8.3234
24 6 9.3988
24 7 10.4095
24 8 11.3527
24 9 12.2265
24 10 13.0304
24 11 13.7644
24 12 14.4294
24 13 15.0267
24 14 15.5577
24 15 16.0242
24 16 16.428
24 17 16.7709
24 18 17.0546
24 19 17.2806
24 20 17.4502
24 21 17.5646
24 22 17.6245
24 23 17.6306
24 24 17.5832
24 25 17.4822
24 26 17.3276
24 27 17.119
24 28 16.8557
24 29 16.5371
24 30 16.1625
24 31 15.731
24 32 15.2419
24 33 14.6949
24 34 14.0897
24 35 13.4266
24 36 12.7061
24 37 11.9297
24 38 11.0995
24 39 10.2181

25 1 3.58451
25 2 4.89664
25 3 6.16593
25 4 7.38312
25 5 8.54074
25 6 9.63306
25 7 10.6561
25 8 11.6074
25 9 12.4857
25 10 13.2911
25 11 14.0242
25 12 14.6865
25 13 15.2797
25 14 15.8059
25 15 16.2672
25 16 16.6658
25 17 17.0037
25 18 17.2828
25 19 17.5048
25 20 17.6712
25 21 17.783
25 22 17.8413
25 23 17.8466
25 24 17.7991
25 25 17.6988
25 26 17.5455
25 27 17.3386
25 28 17.0774
25 29 16.7609
25 30 16.3882
25 31 15.9582
25 32 15.4698
25 33 14.9222
25 34 14.3149
25 35 13.6478
25 36 12.9211
25 37 12.1361
25 38 11.2946
25 39 10.3993

26 1 3.72565
26 2 5.08638
26 3 6.39866
26 4 7.65246
26 5 8.83995
26 6 9.95551
26 7 10.9956
26 8 11.9582
26 9 12.8432
26 10 13.6513
26 11 14.384
26 12 15.0435
26 13 15.6322
26 14 16.1529
26 15 16.6082
26 16 17.0007
26 17 17.3327
26 18 17.6064
26 19 17.8237
26 20 17.9863
26 21 18.0952
26 22 18.1516
26 23 18.1558
26 24 18.1083
26 25 18.0088
26 26 17.857
26 27 17.6521
26 28 17.3932
26 29 17.0791
26 30 16.7084
26 31 16.2797
26 32 15.7916
26 33 15.2427
26 34 14.632
26 35 13.9589
26 36 13.2233
26 37 12.4259
26 38 11.5684
26 39 10.6536

27 1 3.90974
27 2 5.33353
27 3 6.70123
27 4 8.0018
27 5 9.22709
27 6 10.3717
27 7 11.4327
27 8 12.4093
27 9 13.3021
27 10 14.1131
27 11 14.845
27 12 15.5008
27 13 16.084
27 14 16.598
27 15 17.046
27 16 17.4311
27 17 17.7561
27 18 18.0234
27 19 18.2352
27 20 18.3932
27 21 18.4988
27 22 18.5529
27 23 18.556
27 24 18.5085
27 25 18.41
27 26 18.26
27 27 18.0577
27 28 17.8017
27 29 17.4905
27 30 17.1224
27 31 16.6955
27 32 16.2078
27 33 15.6574
27 34 15.0425
27 35 14.3619
27 36 13.6149
27 37 12.8018
27 38 11.9238
27 39 10.9836

28 1 4.14244
28 2 5.64534
28 3 7.08178
28 4 8.43954
28 5 9.71019
28 6 10.8889
28 7 11.9738
28 8 12.9655
28 9 13.8661
28 10 14.6792
28 11 15.4088
28 12 16.0592
28 13 16.635
28 14 17.1403
28 15 17.5791
28 16 17.9551
28 17 18.2716
28 18 18.5312
28 19 18.7365
28 20 18.8892
28 21 18.9908
28 22 19.0423
28 23 19.0443
28 24 18.9969
28 25 18.8998
28 26 18.7523
28 27 18.5533
28 28 18.3011
28 29 17.9939
28 30 17.6295
28 31 17.2054
28 32 16.7189
28 33 16.1673
28 34 15.5481
28 35 14.8592
28 36 14.0991
28 37 13.2673
28 38 12.3645
28 39 11.3933

29 1 4.4316
29 2 6.03172
29 3 7.55132
29 4 8.97679
29 5 10.2997
29 6 11.5164
29 7 12.6266
29 8 13.633
29 9 14.5398
29 10 15.3526
29 11 16.0771
29 12 16.7193
29 13 17.2846
29 14 17.7786
29 15 18.2058
29 16 18.5706
29 17 18.8766
29 18 19.127
29 19 19.3244
29 20 19.4709
29 21 19.5679
29 22 19.6165
29 23 19.6174
29 24 19.5704
29 25 19.4753
29 26 19.3311
29 27 19.1365
29 28 18.8895
29 29 18.5878
29 30 18.2287
29 31 17.8091
29 32 17.3254
29 33 16.774
29 34 16.1515
29 35 15.4544
29 36 14.6802
29 37 13.8272
29 38 12.8957
29 39 11.8874

30 1 4.78806
30 2 6.50626
30 3 8.12465
30 4 9.62823
30 5 11.0092
30 6 12.2658
30 7 13.4005
30 8 14.419
30 9 15.3284
30 10 16.1367
30 11 16.8518
30 12 17.4813
30 13 18.0324
30 14 18.5113
30 15 18.9238
30 16 19.2746
30 17 19.568
30 18 19.8073
30 19 19.9954
30 20 20.1345
30 21 20.2263
30 22 20.2718
30 23 20.2715
30 24 20.2254
30 25 20.133
30 26 19.9932
30 27 19.8044
30 28 19.5644
30 29 19.2704
30 30 18.919
30 31 18.5064
30 32 18.0281
30 33 17.4795
30 34 16.8556
30 35 16.1517
30 36 15.3634
30 37 14.4879
30 38 13.524
30 39 12.4729

31 1 5.22701
31 2 7.08771
31 3 8.82176
31 4 10.4131
31 5 11.8557
31 6 13.1514
31 7 14.3069
31 8 15.3319
31 9 16.2375
31 10 17.0347
31 11 17.7341
31 12 18.3453
31 13 18.8769
31 14 19.3365
31 15 19.7303
31 16 20.0639
31 17 20.3419
31 18 20.568
31 19 20.7452
31 20 20.8758
31 21 20.9616
31 22 21.0036
31 23 21.0022
31 24 20.9575
31 25 20.8688
31 26 20.7349
31 27 20.5537
31 28 20.323
31 29 20.0393
31 30 19.6988
31 31 19.2968
31 32 18.8278
31 33 18.2858
31 34 17.6643
31 35 16.9564
31 36 16.1559
31 37 15.2576
31 38 14.2585
31 39 13.1586

32 1 5.77014
32 2 7.80233
32 3 9.66982
32 4 11.3566
32 5 12.8609
32 6 14.1904
32 7 15.3584
32 8 16.3805
32 9 17.2726
32 10 18.0496
32 11 18.7249
32 12 19.3105
32 13 19.8163
32 14 20.2509
32 15 20.6216
32 16 20.9343
32 17 21.194
32 18 21.4044
32 19 21.5689
32 20 21.6898
32 21 21.7688
32 22 21.8069
32 23 21.8047
32 24 21.7621
32 25 21.6781
32 26 21.5516
32 27 21.3803
32 28 21.1616
32 29 20.8917
32 30 20.5661
32 31 20.1794
32 32 19.7249
32 33 19.1952
32 34 18.5816
32 35 17.8751
32 36 17.0663
32 37 16.147
32 38 15.1112
32 39 13.9569

33 1 6.44918
33 2 8.68754
33 3 10.706
33 4 12.4917
33 5 14.0513
33 6 15.4028
33 7 16.5692
33 8 17.5739
33 9 18.4388
33 10 19.1833
33 11 19.8241
33 12 20.3749
33 13 20.8473
33 14 21.2508
33 15 21.5933
33 16 21.8809
33 17 22.1188
33 18 22.3111
33 19 22.461
33 20 22.5708
33 21 22.6422
33 22 22.6762
33 23 22.6734
33 24 22.6335
33 25 22.5556
33 26 22.4383
33 27 22.2794
33 28 22.0759
33 29 21.8238
33 30 21.5181
33 31 21.1525
33 32 20.7193
33 33 20.2095
33 34 19.6123
33 35 18.9153
33 36 18.1055
33 37 17.1699
33 38 16.0981
33 39 14.8843

34 1 7.31211
34 2 9.79788
34 3 11.9816
34 4 13.8608
34 5 15.459
34 6 16.8111
34 7 17.9535
34 8 18.9201
34 9 19.7396
34 10 20.4363
34 11 21.0294
34 12 21.535
34 13 21.9654
34 14 22.3309
34 15 22.6395
34 16 22.8976
34 17 23.1104
34 18 23.2818
34 19 23.4151
34 20 23.5124
34 21 23.5755
34 22 23.6052
34 23 23.602
34 24 23.5656
34 25 23.4951
34 26 23.3892
34 27 23.2454
34 28 23.0607
34 29 22.8309
34 30 22.5508
34 31 22.2133
34 32 21.8101
34 33 21.3302
34 34 20.7606
34 35 20.0854
34 36 19.2865
34 37 18.3444
34 38 17.241
34 39 15.9639

35 1 8.43464
35 2 11.2148
35 3 13.5676
35 4 15.5179
35 5 17.1211
35 6 18.4381
35 7 19.5241
35 8 20.4246
35 9 21.1758
35 10 21.8059
35 11 22.3367
35 12 22.7852
35 13 23.1643
35 14 23.4843
35 15 23.7533
35 16 23.9774
35 17 24.1615
35 18 24.3095
35 19 24.4242
35 20 24.5078
35 21 24.5617
35 22 24.5868
35 23 24.5835
35 24 24.5515
35 25 24.4899
35 26 24.3973
35 27 24.2716
35 28 24.1095
35 29 23.9071
35 30 23.6588
35 31 23.3577
35 32 22.9944
35 33 22.557
35 34 22.0301
35 35 21.3941
35 36 20.6247
35 37 19.6933
35 38 18.5698
35 39 17.229

36 1 9.94281
36 2 13.0628
36 3 15.5608
36 4 17.5279
36 5 19.0761
36 6 20.3041
36 7 21.2889
36 8 22.088
36 9 22.7435
36 10 23.286
36 11 23.7384
36 12 24.1173
36 13 24.4356
36 14 24.7029
36 15 24.9265
36 16 25.1122
36 17 25.2643
36 18 25.3862
36 19 25.4805
36 20 25.5491
36 21 25.5931
36 22 25.6135
36 23 25.6104
36 24 25.5836
36 25 25.5323
36 26 25.4552
36 27 25.3503
36 28 25.2147
36 29 25.0447
36 30 24.8351
36 31 24.579
36 32 24.2671
36 33 23.887
36 34 23.4219
36 35 22.8487
36 36 22.1366
36 37 21.2454
36 38 20.1261
36 39 18.7291

37 1 12.0618
37 2 15.5359
37 3 18.089
37 4 19.9615
37 5 21.3568
37 6 22.4194
37 7 23.2464
37 8 23.9028
37 9 24.4325
37 10 24.8654
37 11 25.223
37 12 25.5204
37 13 25.7687
37 14 25.9763
37 15 26.1493
37 16 26.2926
37 17 26.4096
37 18 26.5033
37 19 26.5756
37 20 26.628
37 21 26.6617
37 22 26.6771
37 23 26.6745
37 24 26.6536
37 25 26.6138
37 26 26.5541
37 27 26.4727
37 28 26.3673
37 29 26.2346
37 30 26.0702
37 31 25.868
37 32 25.6196
37 33 25.3133
37 34 24.9323
37 35 24.4523
37 36 23.8373
37 37 23.0345
37 38 21.9683
37 39 20.5425

38 1 15.2314
38 2 18.9324
38 3 21.3008
38 4 22.8758
38 5 23.9744
38 6 24.775
38 7 25.3799
38 8 25.8503
38 9 26.2244
38 10 26.5271
38 11 26.7751
38 12 26.9802
38 13 27.1507
38 14 27.2927
38 15 27.4108
38 16 27.5083
38 17 27.5878
38 18 27.6513
38 19 27.7003
38 20 27.7358
38 21 27.7585
38 22 27.7688
38 23 27.7669
38 24 27.7526
38 25 27.7255
38 26 27.6847
38 27 27.6291
38 28 27.5569
38 29 27.4658
38 30 27.3524
38 31 27.2123
38 32 27.0388
38 33 26.8227
38 34 26.5499
38 35 26.1985
38 36 25.7331
38 37 25.0939
38 38 24.1764
38 39 22.8033

39 1 20.413
39 2 23.6632
39 3 25.308
39 4 26.2688
39 5 26.8928
39 6 27.3294
39 7 27.6513
39 8 27.8979
39 9 28.0921
39 10 28.248
39 11 28.3751
39 12 28.4799
39 13 28.5667
39 14 28.6388
39 15 28.6986
39 16 28.748
39 17 28.7883
39 18 28.8204
39 19 28.8451
39 20 28.863
39 21 28.8744
39 22 28.8796
39 23 28.8786
39 24 28.8714
39 25 28.8576
39 26 28.8369
39 27 28.8087
39 28 28.772
39 29 28.7256
39 30 28.6677
39 31 28.5959
39 32 28.5065
39 33 28.3944
39 34 28.2513
39 35 28.0637
39 36 27.8076
39 37 27.4359
39 38 26.8445
39 39 25.7678

