1 1 27.0767
1 2 31.358
1 3 33.4999
1 4 34.7309
1 5 35.5141
1 6 36.0491
1 7 36.4329
1 8 36.7182
1 9 36.9357
1 10 37.1046
1 11 37.2375
1 12 37.343
1 13 37.4274
1 14 37.4949
1 15 37.5489
1 16 37.5919
1 17 37.6256
1 18 37.6516
1 19 37.6707
1 20 37.6839
1 21 37.6915
1 22 37.6938
1 23 37.691
1 24 37.6829
1 25 37.6691
1 26 37.6492
1 27 37.6221
1 28 37.5866
1 29 37.5411
1 30 37.483
1 31 37.4091
1 32 37.3145
1 33 37.1921
1 34 37.0307
1 35 36.8123
1 36 36.5049
1 37 36.0455
1 38 35.295
1 39 33.8993

2 1 20.0276
2 2 24.8583
2 3 27.9138
2 4 29.9138
2 5 31.2813
2 6 32.2545
2 7 32.9704
2 8 33.5108
2 9 33.9271
2 10 34.2528
2 11 34.5104
2 12 34.7158
2 13 34.8804
2 14 35.0126
2 15 35.1185
2 16 35.2029
2 17 35.2692
2 18 35.3203
2 19 35.358
2 20 35.3839
2 21 35.3989
2 22 35.4036
2 23 35.3981
2 24 35.3822
2 25 35.3552
2 26 35.316
2 27 35.2629
2 28 35.1936
2 29 35.1047
2 30 34.9917
2 31 34.8485
2 32 34.6661
2 33 34.4318
2 34 34.1268
2 35 33.7218
2 36 33.1692
2 37 32.389
2 38 31.2418
2 39 29.4906

3 1 15.6622
3 2 20.1388
3 3 23.39
3 4 25.7371
3 5 27.4519
3 6 28.7279
3 7 29.695
3 8 30.4405
3 9 31.0233
3 10 31.4841
3 11 31.8515
3 12 32.1463
3 13 32.3837
3 14 32.575
3 15 32.7288
3 16 32.8516
3 17 32.9484
3 18 33.0229
3 19 33.0781
3 20 33.116
3 21 33.1381
3 22 33.145
3 23 33.1371
3 24 33.1139
3 25 33.0747
3 26 33.0178
3 27 32.9408
3 28 32.8405
3 29 32.7124
3 30 32.5502
3 31 32.3458
3 32 32.0877
3 33 31.7599
3 34 31.3398
3 35 30.7947
3 36 30.0763
3 37 29.1137
3 38 27.8057
3 39 26.0238

4 1 12.6992
4 2 16.6526
4 3 19.7802
4 4 22.2044
4 5 24.0754
4 6 25.5258
4 7 26.6589
4 8 27.5522
4 9 28.2624
4 10 28.8311
4 11 29.2891
4 12 29.6595
4 13 29.9595
4 14 30.2025
4 15 30.3986
4 16 30.5556
4 17 30.6797
4 18 30.7756
4 19 30.8467
4 20 30.8956
4 21 30.9241
4 22 30.9332
4 23 30.9232
4 24 30.8937
4 25 30.8436
4 26 30.7709
4 27 30.673
4 28 30.5456
4 29 30.3837
4 30 30.1799
4 31 29.9249
4 32 29.606
4 33 29.2063
4 34 28.7027
4 35 28.0644
4 36 27.2498
4 37 26.2046
4 38 24.8631
4 39 23.1586

5 1 10.5525
5 2 14.0024
5 3 16.887
5 4 19.2405
5 5 21.1379
5 6 22.6616
5 7 23.8859
5 8 24.8725
5 9 25.6705
5 10 26.3183
5 11 26.8458
5 12 27.2761
5 13 27.6271
5 14 27.913
5 15 28.1448
5 16 28.3312
5 17 28.479
5 18 28.5934
5 19 28.6784
5 20 28.7371
5 21 28.7714
5 22 28.7826
5 23 28.7709
5 24 28.736
5 25 28.6767
5 26 28.5907
5 27 28.4751
5 28 28.3254
5 29 28.1359
5 30 27.899
5 31 27.6049
5 32 27.241
5 33 26.7907
5 34 26.2332
5 35 25.5418
5 36 24.6834
5 37 23.6194
5 38 22.309
5 39 20.7179

6 1 8.92221
6 2 11.9302
6 3 14.5409
6 4 16.7521
6 5 18.5967
6 6 20.1223
6 7 21.3789
6 8 22.4125
6 9 23.2627
6 10 23.9624
6 11 24.5385
6 12 25.0128
6 13 25.4027
6 14 25.7222
6 15 25.9826
6 16 26.193
6 17 26.3603
6 18 26.4902
6 19 26.5871
6 20 26.6541
6 21 26.6935
6 22 26.7065
6 23 26.6936
6 24 26.6544
6 25 26.5877
6 26 26.4911
6 27 26.3614
6 28 26.1942
6 29 25.9836
6 30 25.7222
6 31 25.4004
6 32 25.0062
6 33 24.5248
6 34 23.9381
6 35 23.2244
6 36 22.3588
6 37 21.3146
6 38 20.067
6 39 18.5986

7 1 7.6407
7 2 10.2704
7 3 12.613
7 4 14.653
7 5 16.4009
7 6 17.8821
7 7 19.1286
7 8 20.1728
7 9 21.0453
7 10 21.7729
7 11 22.3786
7 12 22.882
7 13 23.299
7 14 23.643
7 15 23.925
7 16 24.1537
7 17 24.3364
7 18 24.4788
7 19 24.5852
7 20 24.6591
7 21 24.7027
7 22 24.7174
7 23 24.7038
7 24 24.6613
7 25 24.5889
7 26 24.4843
7 27 24.3442
7 28 24.1643
7 29 23.939
7 30 23.6611
7 31 23.3218
7 32 22.9104
7 33 22.4139
7 34 21.8175
7 35 21.1041
7 36 20.2553
7 37 19.2533
7 38 18.0829
7 39 16.7358

8 1 6.60723
8 2 8.91459
8 3 11.0094
8 4 12.8721
8 5 14.502
8 6 15.9111
8 7 17.1187
8 8 18.147
8 9 19.0184
8 10 19.7542
8 11 20.3733
8 12 20.8924
8 13 21.3259
8 14 21.6859
8 15 21.9826
8 16 22.2244
8 17 22.4184
8 18 22.5701
8 19 22.6839
8 20 22.7631
8 21 22.8101
8 22 22.8263
8 23 22.8123
8 24 22.7678
8 25 22.6915
8 26 22.5813
8 27 22.4342
8 28 22.2461
8 29 22.0117
8 30 21.7245
8 31 21.3766
8 32 20.9587
8 33 20.4599
8 34 19.8683
8 35 19.1707
8 36 18.354
8 37 17.4061
8 38 16.318
8 39 15.0862

9 1 5.75798
9 2 7.79041
9 3 9.66184
9 4 11.3529
9 5 12.8576
9 6 14.1799
9 7 15.3308
9 8 16.3248
9 9 17.1781
9 10 17.9067
9 11 18.526
9 12 19.0498
9 13 19.4905
9 14 19.8589
9 15 20.1642
9 16 20.4144
9 17 20.6158
9 18 20.7739
9 19 20.8929
9 20 20.976
9 21 21.0256
9 22 21.0431
9 23 21.0291
9 24 20.9834
9 25 20.9048
9 26 20.7914
9 27 20.6404
9 28 20.448
9 29 20.2095
9 30 19.919
9 31 19.5698
9 32 19.1538
9 33 18.6623
9 34 18.0856
9 35 17.414
9 36 16.6381
9 37 15.7498
9 38 14.7441
9 39 13.6199

10 1 5.05072
10 2 6.84804
10 3 8.52098
10 4 10.0518
10 5 11.4323
10 6 12.6621
10 7 13.7466
10 8 14.6948
10 9 15.518
10 10 16.2283
10 11 16.8376
10 12 17.3572
10 13 17.7976
10 14 18.1681
10 15 18.4768
10 16 18.731
10 17 18.9365
10 18 19.0984
10 19 19.2207
10 20 19.3064
10 21 19.3578
10 22 19.3764
10 23 19.3627
10 24 19.3166
10 25 19.2372
10 26 19.1225
10 27 18.9702
10 28 18.7769
10 29 18.5382
10 30 18.2493
10 31 17.9043
10 32 17.4966
10 33 17.019
10 34 16.4642
10 35 15.8247
10 36 15.094
10 37 14.2668
10 38 13.3403
10 39 12.3151

11 1 4.45654
11 2 6.05245
11 3 7.55057
11 4 8.93523
11 5 10.1976
11 6 11.3348
11 7 12.3488
11 8 13.245
11 9 14.0309
11 10 14.7153
11 11 15.3074
11 12 15.8162
11 13 16.2503
11 14 16.6178
11 15 16.9256
11 16 17.1803
11 17 17.387
11 18 17.5505
11 19 17.6743
11 20 17.7615
11 21 17.8141
11 22 17.8335
11 23 17.8204
11 24 17.7746
11 25 17.6954
11 26 17.5811
11 27 17.4297
11 28 17.238
11 29 17.0024
11 30 16.7188
11 31 16.3821
11 32 15.987
11 33 15.5278
11 34 14.9988
11 35 14.3945
11 36 13.7103
11 37 12.943
11 38 12.0911
11 39 11.156

12 1 3.95507
12 2 5.3785
12 3 6.72377
12 4 7.97725
12 5 9.13027
12 6 10.1788
12 7 11.1225
12 8 11.9644
12 9 12.7092
12 10 13.3631
12 11 13.9332
12 12 14.4266
12 13 14.8502
12 14 15.2109
12 15 15.5146
12 16 15.7668
12 17 15.9725
12 18 16.1357
12 19 16.2597
12 20 16.3473
12 21 16.4005
12 22 16.4206
12 23 16.4082
12 24 16.3633
12 25 16.2852
12 26 16.1726
12 27 16.0235
12 28 15.8355
12 29 15.6054
12 30 15.3295
12 31 15.0039
12 32 14.6242
12 33 14.1859
12 34 13.6846
12 35 13.1164
12 36 12.478
12 37 11.7675
12 38 10.9845
12 39 10.1305

13 1 3.53163
13 2 4.8078
13 3 6.02051
13 4 7.15794
13 5 8.21197
13 6 9.178
13 7 10.0545
13 8 10.8427
13 9 11.5453
13 10 12.1669
13 11 12.7124
13 12 13.1876
13 13 13.598
13 14 13.9491
13 15 14.2463
13 16 14.4941
13 17 14.697
13 18 14.8584
13 19 14.9816
13 20 15.0689
13 21 15.1222
13 22 15.1427
13 23 15.1311
13 24 15.0874
13 25 15.0111
13 26 14.901
13 27 14.7555
13 28 14.5725
13 29 14.3493
13 30 14.0829
13 31 13.77
13 32 13.4071
13 33 12.9907
13 34 12.5174
13 35 11.9844
13 36 11.3895
13 37 10.7317
13 38 10.0111
13 39 9.22947

14 1 3.17547
14 2 4.32671
14 3 5.4256
14 4 6.46186
14 5 7.42804
14 6 8.3194
14 7 9.13371
14 8 9.8709
14 9 10.5326
14 10 11.1216
14 11 11.6419
14 12 12.0975
14 13 12.4932
14 14 12.8334
14 15 13.1225
14 16 13.3645
14 17 13.5633
14 18 13.7221
14 19 13.8435
14 20 13.9299
14 21 13.9829
14 22 14.0037
14 23 13.993
14 24 13.9507
14 25 13.8766
14 26 13.7696
14 27 13.6284
14 28 13.4512
14 29 13.2358
14 30 12.9796
14 31 12.68
14 32 12.3342
14 33 11.9395
14 34 11.4932
14 35 10.9935
14 36 10.4388
14 37 9.82866
14 38 9.16367
14 39 8.44568

15 1 2.8786
15 2 3.92501
15 3 4.92747
15 4 5.87703
15 5 6.76686
15 6 7.59229
15 7 8.35072
15 8 9.0413
15 9 9.66473
15 10 10.2228
15 11 10.7184
15 12 11.1546
15 13 11.5351
15 14 11.8637
15 15 12.144
15 16 12.3796
15 17 12.5736
15 18 12.729
15 19 12.8482
15 20 12.9333
15 21 12.9858
15 22 13.0067
15 23 12.9968
15 24 12.9561
15 25 12.8844
15 26 12.7808
15 27 12.6442
15 28 12.4731
15 29 12.2656
15 30 12.0198
15 31 11.7333
15 32 11.4041
15 33 11.0298
15 34 10.6087
15 35 10.1393
15 36 9.6207
15 37 9.05282
15 38 8.43648
15 39 7.7735

16 1 2.63503
16 2 3.59497
16 3 4.51731
16 4 5.39414
16 5 6.21921
16 6 6.98804
16 7 7.69781
16 8 8.34724
16 9 8.93634
16 10 9.46622
16 11 9.93881
16 12 10.3566
16 13 10.7226
16 14 11.0397
16 15 11.3112
16 16 11.5401
16 17 11.7291
16 18 11.8809
16 19 11.9976
16 20 12.0811
16 21 12.1328
16 22 12.1538
16 23 12.1447
16 24 12.1055
16 25 12.0361
16 26 11.9359
16 27 11.8039
16 28 11.6389
16 29 11.4392
16 30 11.2032
16 31 10.929
16 32 10.615
16 33 10.2594
16 34 9.86081
16 35 9.4182
16 36 8.93109
16 37 8.39965
16 38 7.82483
16 39 7.20843

17 1 2.44026
17 2 3.33077
17 3 4.18838
17 4 5.00599
17 5 5.77788
17 6 6.49974
17 7 7.16868
17 8 7.78313
17 9 8.34269
17 10 8.84794
17 11 9.30024
17 12 9.70153
17 13 10.0542
17 14 10.3607
17 15 10.6239
17 16 10.8463
17 17 11.0304
17 18 11.1785
17 19 11.2927
17 20 11.3745
17 21 11.4255
17 22 11.4464
17 23 11.4379
17 24 11.4002
17 25 11.3331
17 26 11.2361
17 27 11.1084
17 28 10.9489
17 29 10.7563
17 30 10.5292
17 31 10.266
17 32 9.96547
17 33 9.6261
17 34 9.24687
17 35 8.82708
17 36 8.36648
17 37 7.86544
17 38 7.32498
17 39 6.74683

18 1 2.29095
18 2 3.12803
18 3 3.93557
18 4 4.7071
18 5 5.43725
18 6 6.12192
18 7 6.75822
18 8 7.34441
18 9 7.87982
18 10 8.36467
18 11 8.79994
18 12 9.18716
18 13 9.52831
18 14 9.82558
18 15 10.0813
18 16 10.2979
18 17 10.4775
18 18 10.6222
18 19 10.734
18 20 10.8143
18 21 10.8643
18 22 10.8851
18 23 10.8772
18 24 10.8407
18 25 10.7756
18 26 10.6814
18 27 10.5575
18 28 10.4029
18 29 10.2164
18 30 9.99696
18 31 9.74317
18 32 9.45385
18 33 9.12793
18 34 8.76457
18 35 8.36327
18 36 7.92398
18 37 7.44716
18 38 6.93387
18 39 6.3858

19 1 2.18467
19 2 2.98358
19 3 3.75517
19 4 4.49337
19 5 5.19312
19 6 5.85044
19 7 6.46247
19 8 7.02741
19 9 7.54443
19 10 8.01355
19 11 8.43549
19 12 8.81155
19 13 9.14342
19 14 9.43309
19 15 9.68265
19 16 9.89425
19 17 10.07
19 18 10.2118
19 19 10.3214
19 20 10.4002
19 21 10.4495
19 22 10.4701
19 23 10.4625
19 24 10.4271
19 25 10.3636
19 26 10.2718
19 27 10.151
19 28 10.0004
19 29 9.81892
19 30 9.60554
19 31 9.35913
19 32 9.07862
19 33 8.76308
19 34 8.41184
19 35 8.02452
19 36 7.60118
19 37 7.14234
19 38 6.64907
19 39 6.123

20 1 2.11976
20 2 2.89522
20 3 3.64456
20 4 4.36193
20 5 5.04245
20 6 5.68223
20 7 6.27846
20 8 6.82933
20 9 7.33394
20 10 7.79223
20 11 8.20482
20 12 8.57286
20 13 8.89794
20 14 9.1819
20 15 9.42672
20 16 9.63446
20 17 9.80708
20 18 9.94645
20 19 10.0542
20 20 10.1318
20 21 10.1804
20 22 10.2007
20 23 10.1935
20 24 10.1588
20 25 10.0966
20 26 10.0065
20 27 9.88808
20 28 9.74044
20 29 9.56266
20 30 9.35372
20 31 9.11258
20 32 8.83825
20 33 8.52989
20 34 8.18689
20 35 7.80894
20 36 7.39612
20 37 6.949
20 38 6.46863
20 39 5.95661

21 1 2.09521
21 2 2.86163
21 3 3.60215
21 4 4.311
21 5 4.98332
21 6 5.61531
21 7 6.20419
21 8 6.74819
21 9 7.24644
21 10 7.69889
21 11 8.10618
21 12 8.46948
21 13 8.79033
21 14 9.07058
21 15 9.31221
21 16 9.51722
21 17 9.68758
21 18 9.82513
21 19 9.93149
21 20 10.0081
21 21 10.056
21 22 10.0761
21 23 10.0689
21 24 10.0347
21 25 9.97332
21 26 9.88447
21 27 9.76759
21 28 9.62187
21 29 9.44641
21 30 9.24018
21 31 9.00214
21 32 8.73132
21 33 8.42688
21 34 8.0882
21 35 7.71496
21 36 7.30726
21 37 6.86562
21 38 6.39109
21 39 5.88525

22 1 2.11067
22 2 2.88231
22 3 3.62732
22 4 4.3398
22 5 5.01486
22 6 5.64869
22 7 6.23856
22 8 6.78279
22 9 7.28065
22 10 7.7322
22 11 8.13821
22 12 8.49997
22 13 8.81915
22 14 9.09768
22 15 9.33762
22 16 9.54106
22 17 9.71
22 18 9.84631
22 19 9.95166
22 20 10.0275
22 21 10.0749
22 22 10.0947
22 23 10.0875
22 24 10.0534
22 25 9.99245
22 26 9.9042
22 27 9.78807
22 28 9.64324
22 29 9.46874
22 30 9.2635
22 31 9.02643
22 32 8.75647
22 33 8.45272
22 34 8.11448
22 35 7.74138
22 36 7.33343
22 37 6.89111
22 38 6.41544
22 39 5.90799

23 1 2.1664
23 2 2.95759
23 3 3.72039
23 4 4.44862
23 5 5.13722
23 6 5.78235
23 7 6.38137
23 8 6.93275
23 9 7.43596
23 10 7.89133
23 11 8.29987
23 12 8.66313
23 13 8.98302
23 14 9.26168
23 15 9.50135
23 16 9.70425
23 17 9.87253
23 18 10.0082
23 19 10.1128
23 20 10.1881
23 21 10.235
23 22 10.2546
23 23 10.2471
23 24 10.213
23 25 10.1521
23 26 10.0639
23 27 9.94775
23 28 9.80283
23 29 9.62803
23 30 9.42218
23 31 9.18404
23 32 8.91242
23 33 8.60627
23 34 8.26474
23 35 7.88731
23 36 7.47387
23 37 7.02481
23 38 6.54111
23 39 6.02432

24 1 2.26334
24 2 3.08867
24 3 3.8827
24 4 4.6388
24 5 5.35165
24 6 6.01736
24 7 6.63339
24 8 7.19848
24 9 7.71244
24 10 8.17597
24 11 8.59051
24 12 8.95798
24 13 9.28067
24 14 9.56104
24 15 9.80161
24 16 10.0048
24 17 10.1731
24 18 10.3084
24 19 10.4127
24 20 10.4876
24 21 10.5341
24 22 10.5533
24 23 10.5456
24 24 10.5112
24 25 10.4499
24 26 10.3613
24 27 10.2445
24 28 10.0987
24 29 9.9225
24 30 9.7146
24 31 9.47357
24 32 9.19799
24 33 8.88656
24 34 8.53822
24 35 8.15221
24 36 7.72823
24 37 7.26654
24 38 6.768
24 39 6.23422

25 1 2.40322
25 2 3.27774
25 3 4.11674
25 4 4.91291
25 5 5.6606
25 6 6.35586
25 7 6.99638
25 8 7.58125
25 9 8.11081
25 10 8.58632
25 11 9.00979
25 12 9.3837
25 13 9.71084
25 14 9.99413
25 15 10.2365
25 16 10.4406
25 17 10.6092
25 18 10.7445
25 19 10.8486
25 20 10.9231
25 21 10.9693
25 22 10.988
25 23 10.9799
25 24 10.945
25 25 10.8832
25 26 10.7938
25 27 10.676
25 28 10.5286
25 29 10.3502
25 30 10.1391
25 31 9.89361
25 32 9.61208
25 33 9.29284
25 34 8.9345
25 35 8.53596
25 36 8.09666
25 37 7.61662
25 38 7.0966
25 39 6.53818

26 1 2.58869
26 2 3.52822
26 3 4.42637
26 4 5.27494
26 5 6.06788
26 6 6.80128
26 7 7.47316
26 8 8.08321
26 9 8.63248
26 10 9.12305
26 11 9.55768
26 12 9.93961
26 13 10.2723
26 14 10.5592
26 15 10.8037
26 16 11.0091
26 17 11.1781
26 18 11.3135
26 19 11.4173
26 20 11.4914
26 21 11.5371
26 22 11.5554
26 23 11.5468
26 24 11.5114
26 25 11.4489
26 26 11.3586
26 27 11.2395
26 28 11.0901
26 29 10.9088
26 30 10.6937
26 31 10.4427
26 32 10.1537
26 33 9.82456
26 34 9.45346
26 35 9.03888
26 36 8.57981
26 37 8.07599
26 38 7.52797
26 39 6.93733

27 1 2.8236
27 2 3.84502
27 3 4.8171
27 4 5.73056
27 5 6.57894
27 6 7.35847
27 7 8.06778
27 8 8.70745
27 9 9.27958
27 10 9.7873
27 11 10.2344
27 12 10.6251
27 13 10.9637
27 14 11.2543
27 15 11.501
27 16 11.7073
27 17 11.8766
27 18 12.0118
27 19 12.1151
27 20 12.1886
27 21 12.2338
27 22 12.2515
27 23 12.2424
27 24 12.2065
27 25 12.1433
27 26 12.0522
27 27 11.9317
27 28 11.7803
27 29 11.5961
27 30 11.3766
27 31 11.1194
27 32 10.8219
27 33 10.4814
27 34 10.0954
27 35 9.66176
27 36 9.17898
27 37 8.6463
27 38 8.06398
27 39 7.43353

28 1 3.11336
28 2 4.23502
28 3 5.29662
28 4 6.28759
28 5 7.20113
28 6 8.03393
28 7 8.78561
28 8 9.45808
28 9 10.0549
28 10 10.5806
28 11 11.0404
28 12 11.4396
28 13 11.7836
28 14 12.0773
28 15 12.3254
28 16 12.532
28 17 12.701
28 18 12.8354
28 19 12.9379
28 20 13.0105
28 21 13.0549
28 22 13.0719
28 23 13.0623
28 24 13.0259
28 25 12.9623
28 26 12.8706
28 27 12.7491
28 28 12.5961
28 29 12.4091
28 30 12.1855
28 31 11.9222
28 32 11.6159
28 33 11.2632
28 34 10.8609
28 35 10.406
28 36 9.89622
28 37 9.33009
28 38 8.70744
28 39 8.02962

29 1 3.46549
29 2 4.7077
29 3 5.8754
29 4 6.95653
29 5 7.94422
29 6 8.83612
29 7 9.63349
29 8 10.3402
29 9 10.9618
29 10 11.5048
29 11 11.9761
29 12 12.3824
29 13 12.7302
29 14 13.0254
29 15 13.2736
29 16 13.4794
29 17 13.6469
29 18 13.7798
29 19 13.8807
29 20 13.952
29 21 13.9952
29 22 14.0116
29 23 14.0015
29 24 13.9649
29 25 13.9012
29 26 13.8093
29 27 13.6875
29 28 13.5336
29 29 13.3448
29 30 13.1179
29 31 12.8492
29 32 12.5347
29 33 12.1701
29 34 11.7511
29 35 11.2737
29 36 10.7345
29 37 10.131
29 38 9.46237
29 39 8.72963

30 1 3.89051
30 2 5.27621
30 3 6.56767
30 4 7.75135
30 5 8.82086
30 6 9.77574
30 7 10.6199
30 8 11.36
30 9 12.0044
30 10 12.562
30 11 13.0418
30 12 13.4522
30 13 13.8011
30 14 14.0956
30 15 14.3417
30 16 14.5448
30 17 14.7095
30 18 14.8396
30 19 14.9381
30 20 15.0074
30 21 15.0492
30 22 15.0646
30 23 15.0542
30 24 15.0177
30 25 14.9545
30 26 14.8634
30 27 14.7422
30 28 14.5887
30 29 14.3995
30 30 14.1709
30 31 13.8986
30 32 13.5775
30 33 13.2024
30 34 12.7676
30 35 12.2677
30 36 11.6978
30 37 11.054
30 38 10.3344
30 39 9.53922

31 1 4.40326
31 2 5.9588
31 3 7.39279
31 4 8.69054
31 5 9.84732
31 6 10.8661
31 7 11.7548
31 8 12.5244
31 9 13.1867
31 10 13.7539
31 11 14.2374
31 12 14.6475
31 13 14.9936
31 14 15.2838
31 15 15.5249
31 16 15.723
31 17 15.8829
31 18 16.0088
31 19 16.1037
31 20 16.1703
31 21 16.2102
31 22 16.2246
31 23 16.214
31 24 16.1781
31 25 16.1162
31 26 16.0268
31 27 15.9078
31 28 15.7564
31 29 15.5689
31 30 15.3411
31 31 15.0679
31 32 14.7431
31 33 14.3604
31 34 13.9124
31 35 13.3919
31 36 12.7917
31 37 12.1061
31 38 11.3311
31 39 10.4662

32 1 5.02502
32 2 6.78117
32 3 8.37725
32 4 9.79848
32 5 11.0442
32 6 12.1232
32 7 13.0499
32 8 13.841
32 9 14.513
32 10 15.082
32 11 15.562
32 12 15.9657
32 13 16.3036
32 14 16.5851
32 15 16.8177
32 16 17.0078
32 17 17.1606
32 18 17.2804
32 19 17.3705
32 20 17.4334
32 21 17.4709
32 22 17.4842
32 23 17.4736
32 24 17.4388
32 25 17.3792
32 26 17.293
32 27 17.1779
32 28 17.0309
32 29 16.8481
32 30 16.6244
32 31 16.3541
32 32 16.0302
32 33 15.6445
32 34 15.1879
32 35 14.6508
32 36 14.0233
32 37 13.2963
32 38 12.4633
32 39 11.5215

33 1 5.78709
33 2 7.78017
33 3 9.55748
33 4 11.1072
33 5 12.437
33 6 13.566
33 7 14.518
33 8 15.3173
33 9 15.9868
33 10 16.5464
33 11 17.0136
33 12 17.4028
33 13 17.7261
33 14 17.9935
33 15 18.2132
33 16 18.3919
33 17 18.535
33 18 18.6467
33 19 18.7304
33 20 18.7887
33 21 18.8233
33 22 18.8352
33 23 18.8249
33 24 18.792
33 25 18.7357
33 26 18.6543
33 27 18.5454
33 28 18.4056
33 29 18.2308
33 30 18.0157
33 31 17.7535
33 32 17.4364
33 33 17.0545
33 34 16.5968
33 35 16.0503
33 36 15.4016
33 37 14.637
33 38 13.7453
33 39 12.7203

34 1 6.737
34 2 9.00971
34 3 10.984
34 4 12.6582
34 5 14.0568
34 6 15.2156
34 7 16.1718
34 8 16.96
34 9 17.6097
34 10 18.1458
34 11 18.5882
34 12 18.9533
34 13 19.2542
34 14 19.5015
34 15 19.7035
34 16 19.867
34 17 19.9973
34 18 20.0988
34 19 20.1746
34 20 20.2272
34 21 20.2583
34 22 20.2688
34 23 20.259
34 24 20.2288
34 25 20.1771
34 26 20.1023
34 27 20.0019
34 28 19.8726
34 29 19.71
34 30 19.5085
34 31 19.261
34 32 18.9584
34 33 18.5897
34 34 18.1412
34 35 17.5968
34 36 16.9378
34 37 16.1442
34 38 15.1973
34 39 14.0843

35 1 7.94994
35 2 10.5505
35 3 12.7268
35 4 14.5043
35 5 15.9393
35 6 17.0935
35 7 18.0225
35 8 18.7727
35 9 19.3808
35 10 19.8755
35 11 20.2793
35 12 20.6094
35 13 20.8794
35 14 21.0998
35 15 21.2789
35 16 21.4233
35 17 21.538
35 18 21.627
35 19 21.6933
35 20 21.7391
35 21 21.7661
35 22 21.775
35 23 21.7662
35 24 21.7394
35 25 21.6936
35 26 21.6273
35 27 21.5381
35 28 21.4227
35 29 21.2769
35 30 21.095
35 31 20.8695
35 32 20.5911
35 33 20.2474
35 34 19.8226
35 35 19.2968
35 36 18.6453
35 37 17.839
35 38 16.8474
35 39 15.6449

36 1 9.55146
36 2 12.5265
36 3 14.882
36 4 16.7095
36 5 18.1219
36 6 19.2184
36 7 20.0765
36 8 20.7543
36 9 21.2942
36 10 21.7274
36 11 22.0772
36 12 22.3606
36 13 22.5908
36 14 22.7776
36 15 22.9287
36 16 23.05
36 17 23.146
36 18 23.2203
36 19 23.2756
36 20 23.3137
36 21 23.336
36 22 23.3433
36 23 23.3357
36 24 23.3131
36 25 23.2745
36 26 23.2186
36 27 23.1432
36 28 23.0454
36 29 22.9211
36 30 22.765
36 31 22.5701
36 32 22.3267
36 33 22.0223
36 34 21.6396
36 35 21.1554
36 36 20.5385
36 37 19.7483
36 38 18.7355
36 39 17.4501

37 1 11.7662
37 2 15.1308
37 3 17.5762
37 4 19.3433
37 5 20.636
37 6 21.5993
37 7 22.3306
37 8 22.8953
37 9 23.3377
37 10 23.6881
37 11 23.9682
37 12 24.1934
37 13 24.3752
37 14 24.5219
37 15 24.6402
37 16 24.7348
37 17 24.8095
37 18 24.8672
37 19 24.91
37 20 24.9395
37 21 24.9567
37 22 24.9622
37 23 24.9562
37 24 24.9385
37 25 24.9084
37 26 24.8647
37 27 24.8056
37 28 24.7286
37 29 24.6305
37 30 24.5065
37 31 24.3505
37 32 24.1539
37 33 23.9047
37 34 23.586
37 35 23.1732
37 36 22.6301
37 37 21.9036
37 38 20.9179
37 39 19.5763

38 1 15.0334
38 2 18.661
38 3 20.9572
38 4 22.4616
38 5 23.4914
38 6 24.2254
38 7 24.7662
38 8 25.1752
38 9 25.4908
38 10 25.7382
38 11 25.9343
38 12 26.091
38 13 26.2169
38 14 26.3182
38 15 26.3995
38 16 26.4644
38 17 26.5156
38 18 26.555
38 19 26.5842
38 20 26.6043
38 21 26.616
38 22 26.6197
38 23 26.6156
38 24 26.6034
38 25 26.5827
38 26 26.5526
38 27 26.512
38 28 26.4589
38 29 26.3909
38 30 26.3046
38 31 26.1954
38 32 26.0567
38 33 25.8788
38 34 25.6477
38 35 25.3414
38 36 24.9242
38 37 24.3361
38 38 23.4726
38 39 22.1559

39 1 20.3137
39 2 23.527
39 3 25.1356
39 4 26.0611
39 5 26.6506
39 6 27.0538
39 7 27.3436
39 8 27.5593
39 9 27.7241
39 10 27.8523
39 11 27.9534
39 12 28.0339
39 13 28.0983
39 14 28.15
39 15 28.1915
39 16 28.2245
39 17 28.2505
39 18 28.2705
39 19 28.2853
39 20 28.2955
39 21 28.3014
39 22 28.3033
39 23 28.3012
39 24 28.295
39 25 28.2844
39 26 28.2691
39 27 28.2484
39 28 28.2212
39 29 28.1864
39 30 28.1422
39 31 28.0859
39 32 28.014
39 33 27.921
39 34 27.7989
39 35 27.6338
39 36 27.4019
39 37 27.0559
39 38 26.4915
39 39 25.4431

