0.0	1.0
0.01	0.9900498337491681
0.02	0.9801986733067553
0.03	0.9704455335485082
0.04	0.9607894391523232
0.05	0.951229424500714
0.060000000000000005	0.9417645335842487
0.07	0.9323938199059483
0.08	0.9231163463866358
0.09	0.9139311852712282
0.09999999999999999	0.9048374180359596
0.10999999999999999	0.8958341352965282
0.11999999999999998	0.8869204367171575
0.12999999999999998	0.8780954309205613
0.13999999999999999	0.8693582353988059
0.15	0.8607079764250578
0.16	0.8521437889662113
0.17	0.8436648165963837
0.18000000000000002	0.835270211411272
0.19000000000000003	0.8269591339433623
0.20000000000000004	0.8187307530779818
0.21000000000000005	0.8105842459701871
0.22000000000000006	0.8025187979624785
0.23000000000000007	0.7945336025033339
0.24000000000000007	0.7866278610665534
0.25000000000000006	0.7788007830714049
0.26000000000000006	0.7710515858035663
0.2700000000000001	0.7633794943368531
0.2800000000000001	0.7557837414557254
0.2900000000000001	0.7482635675785652
0.3000000000000001	0.7408182206817178
0.3100000000000001	0.7334469562242892
0.3200000000000001	0.7261490370736908
0.3300000000000001	0.7189237334319261
0.34000000000000014	0.7117703227626097
0.35000000000000014	0.7046880897187133
0.36000000000000015	0.6976763260710309
0.37000000000000016	0.6907343306373546
0.38000000000000017	0.6838614092123557
0.3900000000000002	0.6770568744981645
0.4000000000000002	0.6703200460356392
0.4100000000000002	0.6636502501363193
0.4200000000000002	0.6570468198150566
0.4300000000000002	0.6505090947233164
0.4400000000000002	0.6440364210831412
0.45000000000000023	0.6376281516217731
0.46000000000000024	0.6312836455069258
0.47000000000000025	0.6250022682827007
0.48000000000000026	0.6187833918061407
0.49000000000000027	0.6126263941844159
0.5000000000000002	0.6065306597126333
0.5100000000000002	0.6004955788122658
0.5200000000000002	0.5945205479701942
0.5300000000000002	0.5886049696783551
0.5400000000000003	0.5827482523739895
0.5500000000000003	0.5769498103804865
0.5600000000000003	0.5712090638488148
0.5700000000000003	0.565525438699537
0.5800000000000003	0.5598983665654018
0.5900000000000003	0.5543272847345069
0.6000000000000003	0.5488116360940263
0.6100000000000003	0.5433508690744996
0.6200000000000003	0.5379444375946744
0.6300000000000003	0.532591801006897
0.6400000000000003	0.5272924240430483
0.6500000000000004	0.5220457767610158
0.6600000000000004	0.5168513344916991
0.6700000000000004	0.5117085777865423
0.6800000000000004	0.5066169923655894
0.6900000000000004	0.5015760690660553
0.7000000000000004	0.4965853037914093
0.7100000000000004	0.4916441974609649
0.7200000000000004	0.48675225595997146
0.7300000000000004	0.4819089900902022
0.7400000000000004	0.47711391552103416
0.7500000000000004	0.4723665527410145
0.7600000000000005	0.467666427009909
0.7700000000000005	0.46301306831122785
0.7800000000000005	0.45840601130522335
0.7900000000000005	0.4538447952823556
0.8000000000000005	0.4493289641172214
0.8100000000000005	0.44485806622294094
0.8200000000000005	0.440431654505999
0.8300000000000005	0.4360492863215354
0.8400000000000005	0.43171052342907945
0.8500000000000005	0.42741493194872643
0.8600000000000005	0.4231620823177486
0.8700000000000006	0.4189515492476388
0.8800000000000006	0.41478291168158116
0.8900000000000006	0.4106557527523453
0.9000000000000006	0.4065696597405989
0.9100000000000006	0.40252422403363575
0.9200000000000006	0.3985190410845139
0.9300000000000006	0.3945537103716009
0.9400000000000006	0.39062783535852086
0.9500000000000006	0.38674102345450095
0.9600000000000006	0.3828928859751118
0.9700000000000006	0.37908303810339855
0.9800000000000006	0.3753110988513993
0.9900000000000007	0.37157669102204544
1.0000000000000007	0.36787944117144206
1.0100000000000007	0.36421897957152305
1.0200000000000007	0.360594940173078
1.0300000000000007	0.3570069605691471
1.0400000000000007	0.3534546819587799
1.0500000000000007	0.3499377491111551
1.0600000000000007	0.3464558103300572
1.0700000000000007	0.3430085174187064
1.0800000000000007	0.3395955256449389
1.0900000000000007	0.33621649370673307
1.1000000000000008	0.33287108369807933
1.1100000000000008	0.32955896107518884
1.1200000000000008	0.32627979462303924
1.1300000000000008	0.32303325642225267
1.1400000000000008	0.3198190218163036
1.1500000000000008	0.31663676937905294
1.1600000000000008	0.31348618088260505
1.1700000000000008	0.31036694126548475
1.1800000000000008	0.307278738601131
1.1900000000000008	0.3042212640667038
1.2000000000000008	0.30119421191220186
1.2100000000000009	0.2981972794298871
1.2200000000000009	0.29523016692401394
1.2300000000000009	0.29229257768085914
1.2400000000000009	0.2893842179390504
1.2500000000000009	0.28650479686018987
1.260000000000001	0.2836540264997701
1.270000000000001	0.2808316217783795
1.280000000000001	0.27803730045319386
1.290000000000001	0.27527078308975206
1.300000000000001	0.27253179303401237
1.310000000000001	0.2698200563846866
1.320000000000001	0.2671353019658501
1.330000000000001	0.2644772612998237
1.340000000000001	0.26184566858032576
1.350000000000001	0.25924026064589123
1.360000000000001	0.2566607769535556
1.370000000000001	0.25410695955280005
1.380000000000001	0.25157855305975624
1.390000000000001	0.24907530463166794
1.400000000000001	0.2465969639416062
1.410000000000001	0.24414328315343684
1.420000000000001	0.2417140168970362
1.430000000000001	0.23930892224375427
1.440000000000001	0.23692775868212151
1.450000000000001	0.2345702880937974
1.460000000000001	0.23223627472975858
1.470000000000001	0.2299254851867236
1.480000000000001	0.2276376883838125
1.490000000000001	0.22537265553943847
1.500000000000001	0.22313016014842957
1.5100000000000011	0.22090997795937795
1.5200000000000011	0.21871188695221452
1.5300000000000011	0.21653566731600682
1.5400000000000011	0.21438110142697772
1.5500000000000012	0.21224797382674282
1.5600000000000012	0.2101360712007645
1.5700000000000012	0.20804518235702021
1.5800000000000012	0.20597509820488322
1.5900000000000012	0.2039256117342132
1.6000000000000012	0.20189651799465516
1.6100000000000012	0.19988761407514427
1.6200000000000012	0.19789869908361443
1.6300000000000012	0.19592957412690912
1.6400000000000012	0.19398004229089166
1.6500000000000012	0.19204990862075388
1.6600000000000013	0.19013898010152028
1.6700000000000013	0.18824706563874655
1.6800000000000013	0.18637397603940972
1.6900000000000013	0.18451952399298904
1.7000000000000013	0.18268352405273441
1.7100000000000013	0.18086579261712185
1.7200000000000013	0.179066147911493
1.7300000000000013	0.17728440996987757
1.7400000000000013	0.17552040061699664
1.7500000000000013	0.1737739434504449
1.7600000000000013	0.1720448638230503
1.7700000000000014	0.1703329888254092
1.7800000000000014	0.16863814726859527
1.7900000000000014	0.16696016966704047
1.8000000000000014	0.1652988882215863
1.8100000000000014	0.16365413680270383
1.8200000000000014	0.16202575093388055
1.8300000000000014	0.16041356777517254
1.8400000000000014	0.15881742610692048
1.8500000000000014	0.15723716631362739
1.8600000000000014	0.15567263036799708
1.8700000000000014	0.1541236618151312
1.8800000000000014	0.15259010575688364
1.8900000000000015	0.1510718088363706
1.9000000000000015	0.14956861922263484
1.9100000000000015	0.14808038659546224
1.9200000000000015	0.14660696213034993
1.9300000000000015	0.1451481984836235
1.9400000000000015	0.1437039497777027
1.9500000000000015	0.14227407158651337
1.9600000000000015	0.14085842092104478
1.9700000000000015	0.13945685621505072
1.9800000000000015	0.1380692373108926
1.9900000000000015	0.13669542544552366
2.0000000000000013	0.1353352832366125
2.010000000000001	0.13398867466880482
2.020000000000001	0.1326554650801216
2.0300000000000007	0.13133552114849298
2.0400000000000005	0.13002871087842585
2.0500000000000003	0.12873490358780418
2.06	0.12745396989482075
2.07	0.12618578170503877
2.0799999999999996	0.12493021219858247
2.0899999999999994	0.12368713581745489
2.099999999999999	0.122456428252982
2.109999999999999	0.12123796643338179
2.1199999999999988	0.12003162851145688
2.1299999999999986	0.1188372938524098
2.1399999999999983	0.11765484302177939
2.149999999999998	0.11648415777349717
2.159999999999998	0.11532512103806276
2.1699999999999977	0.11417761691083675
2.1799999999999975	0.11304153064045014
2.1899999999999973	0.11191674861732917
2.199999999999997	0.1108031583623342
2.209999999999997	0.10970064851551174
2.2199999999999966	0.10860910882495835
2.2299999999999964	0.10752843013579534
2.239999999999996	0.10645850437925322
2.249999999999996	0.10539922456186476
2.259999999999996	0.10435048475476545
2.2699999999999956	0.10331218008310065
2.2799999999999954	0.10228420671553794
2.289999999999995	0.1012664618538839
2.299999999999995	0.10025884372280425
2.3099999999999947	0.09926125155964619
2.3199999999999945	0.09827358560436207
2.3299999999999943	0.09729574708953333
2.339999999999994	0.09632763823049359
2.349999999999994	0.09536916221555021
2.3599999999999937	0.09442022319630294
2.3699999999999934	0.09348072627805909
2.3799999999999932	0.0925505775103439
2.389999999999993	0.09162968387750549
2.399999999999993	0.09071795328941315
2.4099999999999926	0.08981529457224831
2.4199999999999924	0.08892161745938701
2.429999999999992	0.08803683258237324
2.439999999999992	0.08716085146198199
2.4499999999999917	0.08629358649937123
2.4599999999999915	0.08543495096732195
2.4699999999999913	0.08458485900156544
2.479999999999991	0.0837432255921967
2.489999999999991	0.08290996657517344
2.4999999999999907	0.08208499862389956
2.5099999999999905	0.08126823924089246
2.5199999999999902	0.08045960674953322
2.52999999999999	0.07965902028589882
2.53999999999999	0.07886639979067575
2.5499999999999896	0.07808166600115396
2.5599999999999894	0.07730474044330056
2.569999999999989	0.07653554542391233
2.579999999999989	0.07577400402284631
2.5899999999999888	0.07502004008532781
2.5999999999999885	0.07427357821433474
2.6099999999999883	0.07353454376305794
2.619999999999988	0.07280286282743646
2.629999999999988	0.07207846223876697
2.6399999999999877	0.07136126955638694
2.6499999999999875	0.07065121306043047
2.6599999999999873	0.06994822174465626
2.669999999999987	0.06925222530934688
2.679999999999987	0.06856315415427883
2.6899999999999866	0.06788093937176234
2.6999999999999864	0.06720551273975067
2.709999999999986	0.06653680671501777
2.719999999999986	0.06587475442640388
2.7299999999999858	0.06521928966812846
2.7399999999999856	0.06457034689316943
2.7499999999999853	0.06392786120670851
2.759999999999985	0.06329176835964166
2.769999999999985	0.0626620047421541
2.7799999999999847	0.062038507377359255
2.7899999999999845	0.061421213915001084
2.7999999999999843	0.06081006262521892
2.809999999999984	0.06020499239237451
2.819999999999984	0.05960594270894032
2.8299999999999836	0.059012853669448806
2.8399999999999834	0.058425665964501786
2.849999999999983	0.057844320874839435
2.859999999999983	0.05726876026546832
2.869999999999983	0.05669892657984789
2.8799999999999826	0.0561347628341347
2.8899999999999824	0.05557621261148405
2.899999999999982	0.05502322005640821
2.909999999999982	0.05447572986919085
2.9199999999999817	0.053933687300357004
2.9299999999999815	0.05339703814519808
2.9399999999999813	0.05286572873835135
2.949999999999981	0.05233970594843338
2.959999999999981	0.051818917172726825
2.9699999999999807	0.051303310331920114
2.9799999999999804	0.050792833864899495
2.9899999999999802	0.05028743672359287
2.99999999999998	0.04978706836786494
3.00999999999998	0.049291678760463156
3.0199999999999796	0.048801218362013954
3.0299999999999794	0.048315638126068775
3.039999999999979	0.04783488949419937
3.049999999999979	0.04735892439114192
3.0599999999999787	0.046887695219989485
3.0699999999999785	0.04642115485743226
3.0799999999999783	0.0459592566490452
3.089999999999978	0.04550195440462256
3.099999999999978	0.0450492023935588
3.1099999999999777	0.04460095534027553
3.1199999999999775	0.04415716841969386
3.1299999999999772	0.04371779725275193
3.139999999999977	0.043282797901966895
3.149999999999977	0.04285212686704117
3.1599999999999766	0.04242574108051238
3.1699999999999764	0.04200359790344654
3.179999999999976	0.04158565512117416
3.189999999999976	0.041171870939068725
3.1999999999999758	0.040762203978367204
3.2099999999999755	0.04035661327203213
3.2199999999999753	0.039955058260654895
3.229999999999975	0.03955749878839971
3.239999999999975	0.03916389509898806
3.2499999999999747	0.038774207831722994
3.2599999999999745	0.038388398017553046
3.2699999999999743	0.03800642707517529
3.279999999999974	0.037628256807177185
3.289999999999974	0.03725384939621678
3.2999999999999736	0.03688316740124098
3.3099999999999734	0.036516173753741374
3.319999999999973	0.03615283175404739
3.329999999999973	0.03579310506765627
3.3399999999999728	0.0354369577215996
3.3499999999999726	0.03508435410084599
3.3599999999999723	0.03473525894473952
3.369999999999972	0.034389637343473674
3.379999999999972	0.034047454734600295
3.3899999999999717	0.03370867689957336
3.3999999999999715	0.03337326996032703
3.4099999999999713	0.03304120037588789
3.419999999999971	0.03271243493902076
3.429999999999971	0.032386940772907984
3.4399999999999706	0.03206468532786171
3.4499999999999704	0.03174563637806888
3.45999999999997	0.03142976201836865
3.46999999999997	0.0311170306610618
3.47999999999997	0.030807411032752006
3.4899999999999696	0.030500872171218416
3.4999999999999694	0.030197383422319427
3.509999999999969	0.029896914436927238
3.519999999999969	0.02959943516789292
3.5299999999999687	0.02930491586704167
3.5399999999999685	0.02901332708219797
3.5499999999999683	0.02872463965424034
3.559999999999968	0.028438824714185414
3.569999999999968	0.028155853680301008
3.5799999999999677	0.02787569825524792
3.5899999999999674	0.027598330423250182
3.5999999999999672	0.027323722447293457
3.609999999999967	0.027051846866351304
3.619999999999967	0.026782676492639067
3.6299999999999666	0.026516184408895065
3.6399999999999664	0.026252343965688846
3.649999999999966	0.02599112877875622
3.659999999999966	0.02573251272636082
3.6699999999999657	0.025476469946681887
3.6799999999999655	0.025222974835228083
3.6899999999999653	0.02497200204227702
3.699999999999965	0.024723526470340255
3.709999999999965	0.02447752327165353
3.7199999999999647	0.024233967845691973
3.7299999999999645	0.023992835836710028
3.7399999999999642	0.02375410313130585
3.749999999999964	0.023517745856009954
3.759999999999964	0.023283740374897846
3.7699999999999636	0.02305206328722641
3.7799999999999634	0.022822691425093813
3.789999999999963	0.022595601851122697
3.799999999999963	0.022370771856166424
3.8099999999999627	0.02214817895703814
3.8199999999999625	0.02192780089426244
3.8299999999999623	0.02170961562984939
3.839999999999962	0.021493601345090735
3.849999999999962	0.02127973643837798
3.8599999999999617	0.02106799952304224
3.8699999999999615	0.020858369425215524
3.8799999999999613	0.020650825181713364
3.889999999999961	0.020445346037938454
3.899999999999961	0.020241911445805182
3.9099999999999606	0.020040501061684805
3.9199999999999604	0.019841094744371072
3.92999999999996	0.019643672553066076
3.93999999999996	0.019448214745386168
3.9499999999999598	0.019254701775387698
3.9599999999999596	0.019063114291612407
3.9699999999999593	0.018873433135152256
3.979999999999959	0.018685639337733536
3.989999999999959	0.018499714119820005
3.9999999999999587	0.018315638888734935
4.009999999999959	0.018133395236801818
4.019999999999959	0.017952964939503598
4.0299999999999585	0.017774329953660184
4.039999999999958	0.01759747241562413
4.049999999999958	0.017422374639494243
4.059999999999958	0.017249019115347
4.069999999999958	0.01707738850748552
4.079999999999957	0.016907465652705997
4.089999999999957	0.016739233558581347
4.099999999999957	0.01657267540176196
4.109999999999957	0.01640777452629336
4.119999999999957	0.01624451444195058
4.129999999999956	0.016082878822589134
4.139999999999956	0.01592285150451239
4.149999999999956	0.015764416484855184
4.159999999999956	0.015607557919983524
4.1699999999999555	0.015452260123910202
4.179999999999955	0.015298507566726198
4.189999999999955	0.015146284873047665
4.199999999999955	0.014995576820478383
4.209999999999955	0.014846368338087505
4.2199999999999545	0.014698644504902448
4.229999999999954	0.014552390548416795
4.239999999999954	0.014407591843113016
4.249999999999954	0.014264233908999915
4.259999999999954	0.014122302410164614
4.269999999999953	0.013981783153338954
4.279999999999953	0.013842662086480153
4.289999999999953	0.01370492529736559
4.299999999999953	0.013568559012201572
4.3099999999999525	0.013433549594245945
4.319999999999952	0.013299883542444406
4.329999999999952	0.013167547490080382
4.339999999999952	0.01303652820343836
4.349999999999952	0.012906812580480492
4.3599999999999515	0.012778387649536385
4.369999999999951	0.012651240568005923
4.379999999999951	0.012525358621074997
4.389999999999951	0.012400729220444013
4.399999999999951	0.012277339903069048
4.40999999999995	0.01215517832991554
4.41999999999995	0.012034232284724373
4.42999999999995	0.011914489672790239
4.43999999999995	0.011795938519752159
4.4499999999999496	0.011678566970396034
4.459999999999949	0.011562363287469122
4.469999999999949	0.01144731585050629
4.479999999999949	0.011333413154667972
4.489999999999949	0.011220643809589662
4.4999999999999485	0.011108996538242879
4.509999999999948	0.010998460175807448
4.519999999999948	0.010889023668555011
4.529999999999948	0.010780676072743647
4.539999999999948	0.010673406553523484
4.549999999999947	0.01056720438385321
4.559999999999947	0.010462058943427352
4.569999999999947	0.01035795971761425
4.579999999999947	0.010254896296404569
4.589999999999947	0.010152858373370304
4.599999999999946	0.01005183574463412
4.609999999999946	0.009951818307848958
4.619999999999946	0.00985279606118779
4.629999999999946	0.009754759102343432
4.6399999999999455	0.0096576976275383
4.649999999999945	0.009561601930544032
4.659999999999945	0.009466462401710844
4.669999999999945	0.009372269527006573
4.679999999999945	0.009279013887065254
4.689999999999944	0.009186686156245178
4.699999999999944	0.009095277101696324
4.709999999999944	0.009004777582437062
4.719999999999944	0.008915178548440051
4.729999999999944	0.008826471039727224
4.739999999999943	0.008738646185473787
4.749999999999943	0.008651695203121127
4.759999999999943	0.008565609397498548
4.769999999999943	0.00848038015995375
4.7799999999999425	0.008395998967491955
4.789999999999942	0.0083124573819236
4.799999999999942	0.008229747049020505
4.809999999999942	0.008147859697680459
4.819999999999942	0.008066787139100088
4.8299999999999415	0.00798652126595597
4.839999999999941	0.007907054051593905
4.849999999999941	0.007828377549226233
4.859999999999941	0.0077504838911371535
4.869999999999941	0.0076733652878959455
4.87999999999994	0.00759701402757802
4.88999999999994	0.007521422474993718
4.89999999999994	0.007446583070924787
4.90999999999994	0.007372488331368457
4.9199999999999395	0.0072991308467890235
4.929999999999939	0.007226503281376899
4.939999999999939	0.007154598372315017
4.949999999999939	0.007083408929052553
4.959999999999939	0.007012927832585854
4.9699999999999385	0.0069431480347465395
4.979999999999938	0.006874062557496676
4.989999999999938	0.006805664492230966
4.999999999999938	0.006737946999085886

0.0	1.0
0.1	0.9048374180359595
0.2	0.8187307530779818
0.30000000000000004	0.7408182206817179
0.4	0.6703200460356393
0.5	0.6065306597126334
0.6	0.5488116360940265
0.7	0.4965853037914095
0.7999999999999999	0.4493289641172216
0.8999999999999999	0.40656965974059917
0.9999999999999999	0.3678794411714424
1.0999999999999999	0.3328710836980796
1.2	0.30119421191220214
1.3	0.2725317930340126
1.4000000000000001	0.24659696394160643
1.5000000000000002	0.2231301601484298
1.6000000000000003	0.20189651799465536
1.7000000000000004	0.18268352405273458
1.8000000000000005	0.16529888822158645
1.9000000000000006	0.14956861922263498
2.0000000000000004	0.13533528323661262
2.1000000000000005	0.12245642825298185
2.2000000000000006	0.11080315836233381
2.3000000000000007	0.10025884372280366
2.400000000000001	0.09071795328941243
2.500000000000001	0.08208499862389872
2.600000000000001	0.07427357821433381
2.700000000000001	0.06720551273974969
2.800000000000001	0.060810062625217896
2.9000000000000012	0.05502322005640716
3.0000000000000013	0.049787068367863875
3.1000000000000014	0.045049202393557745
3.2000000000000015	0.040762203978366156
3.3000000000000016	0.036883167401239945
3.4000000000000017	0.033373269960326024
3.5000000000000018	0.03019738342231845
3.600000000000002	0.02732372244729251
3.700000000000002	0.024723526470339343
3.800000000000002	0.02237077185616555
3.900000000000002	0.020241911445804346
4.000000000000002	0.018315638888734147
4.100000000000001	0.016572675401761224
4.200000000000001	0.014995576820477691
4.300000000000001	0.013568559012200922
4.4	0.012277339903068436
4.5	0.011108996538242306
4.6	0.010051835744633586
4.699999999999999	0.009095277101695824
4.799999999999999	0.008229747049020037
4.899999999999999	0.007446583070924351
4.999999999999998	0.006737946999085479

0.0	1.0
1.0	0.36787944117144233
2.0	0.1353352832366127
3.0	0.049787068367863944
4.0	0.01831563888873418

