459.1077189556803
391.0649849246939
351.7170960956119
323.49074692471436
301.55647050942196
283.7834977071373
268.9713563293365
256.3717292627223
245.47871859308876
235.9364004277386
227.48433360346672
219.92749330993652
213.11621827999758
206.9337546593781
201.2874088214682
196.1026386147815
191.31868655180207
186.88551201373184
182.76145668357194
178.91153984170148
175.30613021854685
171.91994549266937
168.7312572532939
165.72127637131382
162.87365624194655
160.17410022805154
157.6100397186712
155.1703749064594
152.84525942346497
150.62592409414688
148.50452888328735
146.47404001643253
144.5281256975366
142.6610684997907
140.86769035920966
139.14328885077703
137.4835821846595
135.8846620184534
134.3429524057799
132.85517425688855
131.41831421090563
130.02959746681222
128.68646384011504
127.38654672545537
126.12765446092756
124.90775386907474
123.72495562292681
122.57750126469725
121.46375162908812
120.38217653434664
119.3313455566262
118.30991977920408
117.3166443754356
116.35034194012657
115.40990646238832
114.49429787361328
113.60253709249248
112.73370151646513
111.8869209037881
111.061373608912
110.25628313070754
109.47091494625745
108.70457359999527
107.95660002745122
107.226369090308
106.51328730609039
105.81679075402849
105.13634314318347
104.47143402793095
103.82157715907074
103.18630895844055
102.56518710714793
101.95778923752468
101.3637117205634
100.7825685406604
100.21399025087186
99.65762300189333
99.11312763910746
98.58017886208971
98.05846444182579
97.54768449098657
97.04755078327698
96.55778611799417
96.07812372643869
95.60830671696878
95.14808755588902
94.69722758149587
94.25549654893027
93.82267220361173
93.39853988127688
92.98289213276895
92.57552837192198
92.17625454496711
91.78488282006754
91.40123129563861
91.0251237262622
90.65638926504455
90.29486222136786
89.9403818330426
89.5927920519343
89.2519413418067
88.9176824869591
88.58987241115399
88.26837200746391
87.95304597950884
87.64376269277382
87.34039403356378
87.04281527470891
86.75090494873356
86.4645447280249
86.1836193109886
85.90801631399755
85.63762616876322
85.37234202460502
85.11205965551692
84.8566773716904
84.60609593523562
84.36021847990234
84.11895043451077
83.88219944989133
83.6498753291188
83.42188996084943
83.19815725558699
82.9785930847197
82.76311522217695
82.55164328856813
82.34409869767092
82.14040460515153
81.94048585939123
81.74426895431186
81.55168198409648
81.36265459970339
81.17711796707188
80.99500472692964
80.81624895612707
80.64078613039354
80.46855308845612
80.29948799743055
80.13353031943618
79.97062077933091
79.81070133354574
79.65371513992407
79.49960652853092
79.34832097337564
79.1998050650225
79.05400648404512
78.91087397528767
78.77035732290283
78.6324073261018
78.49697577558543
78.36401543063457
78.23347999685245
78.10532410453493
77.97950328764352
77.85597396334408
77.73469341210537
77.61561975834371
77.4987119515973
77.38392974819456
77.27123369342776
77.16058510419425
77.05194605210811
76.94527934704831
76.84054852114777
76.73771781320231
76.6367521534759
76.53761714890919
76.4402790687028
76.34470483026743
76.25086198553144
76.15871870759256
76.06824377770417
75.97940657258057
75.89217705201796
75.80652574682284
75.72242374702334
75.63984269037809
75.55875475115077
75.47913262916202
75.40094953909508
75.32417920005555
75.2487958253766
75.17477411266351
75.10208923406566
75.03071682677147
74.96063298373083
74.8918142445728
74.82423758674379
74.75788041683413
74.69272056210555
74.62873626220541
74.56590616105997
74.50420929895178
74.44362510476715
74.38413338841367
74.32571433340226
74.26834848958445
74.21201676605732
74.15670042420568
74.1023810709045
74.04904065185954
73.99666144508849
73.94522605454517
73.89471740387144
73.8451187302831
73.7964135785844
73.74858579530432
73.70161952295682
73.65549919442056
73.61020952743127
73.56573551919006
73.52206244108152
73.47917583349918
73.43706150077688
73.39570550622314
73.35509416725331
73.31521405062345
73.27605196775843
73.23759497017195
73.1998303449811
73.16274561050474
73.12632851195754
73.09056701722173
73.05544931270546
73.02096379928281
72.98709908831334
72.9538439977391
72.92118754825657
72.88911895957052
72.85762764670845
72.82670321641795
72.79633546362703
72.76651436797712
72.73723009041933
72.70847296987849
72.680233519982
72.65250242584762
72.62527054093707
72.5985288839674
72.57226863588309
72.54648113688093
72.52115788350078
72.49629052576046
72.47187086435204
72.44789084789093
72.42434257021236
72.40121826772604
72.37851031681046
72.35621123126752
72.334313659823
72.3128103836596
72.29169431401343
72.27095848980838
72.25059607533646
72.23060035797552
72.21096474596071
72.19168276618461
72.1727480620491
72.15415439135067
72.1358956242044
72.11796574101669
72.10035883047435
72.0830690875979
72.0660908118072
72.04941840503773
72.03304636988298
72.0169693077785
72.0011819172114
71.9856789919672
71.97045541941256
71.95550617880002
71.94082633960988
71.92641105992664
71.91225558483453
71.89835524484977
71.88470545438156
71.87130171021833
71.85813959004153
71.84521475096999
71.83252292812764
71.82005993323709
71.80782165324221
71.7958040489523
71.7840031537124
71.77241507209871
71.7610359786339
71.74986211653143
71.73888979645875
71.72811539532408
71.71753535508388
71.70714618157379
71.69694444336209
71.68692677061742
71.67708985400688
71.66743044360487
71.65794534782631
71.64863143237889
71.63948561923478
71.63050488561582
71.62168626300718
71.61302683617842
71.60452374222552
71.59617416963654
71.5879753573638
71.5799245939195
71.57201921648752
71.56425661004823
71.55663420651912
71.54914948391493
71.54179996551997
71.53458321907358
71.52749685597591
71.52053853050069
71.51370593902837
71.50699681928982
71.50040894962474
71.49394014825346
71.48758827255979
71.48135121839111
71.4752269193669
71.46921334620018
71.46330850603532
71.45751044179103
71.45181723152149
71.44622698778502
71.44073785702496
71.4353480189627
71.430055686
71.42485910263535
71.41975654488449
71.41474631971873
71.40982676450784
71.40499624647656
71.40025316216668
71.39559593691483
71.39102302433402
71.38653290580531
71.382124089983
71.3777951123046
71.373544534508
71.36937094416521
71.36527295421305
71.36124920250363
71.35729835135375
71.3534190871079
71.34961011970836
71.34587018227084
71.34219803066749
71.33859244312296
71.33505221980957
71.33157618245552
71.32816317395992
71.32481205800944
71.32152171870834
71.31829106021229
71.31511900636765
71.3120045003579
71.30894650436085
71.30594399920186
71.3029959840244
71.3001014759592
71.2972595098023
71.2944691376985
71.29172942882981
71.28903946911002
71.28639836088497
71.28380522263602
71.28125918869453
71.27875940895349
71.27630504859074
71.27389528779378
71.27152932149137
71.26920635908816
71.26692562420692
71.2646863544295
71.26248780105165
71.26032922883275
71.2582099157572
71.25612915279369
71.25408624366764
71.25208050462582
71.25011126421748
71.24817786306942
71.24627965367274
71.24441600016536
71.24258627812922
71.24078987437976
71.23902618676547
71.23729462397237
71.23559460532674
71.2339255606056
71.23228692984758
71.23067816317062
71.22909872059127
71.22754807184366
71.22602569620949
71.2245310823441
71.22306372810876
71.22162314040429
71.22020883501217
71.21882033642977
71.21745717771968
71.21611890035152
71.2148050540524
71.2135151966608
71.21224889397668
71.21100571962177
71.20978525489814
71.20858708865114
71.20741081713197
71.20625604386618
71.20512237952138
71.20400944178247
71.20291685522231
71.2018442511791
71.20079126763419
71.19975754909385
71.19874274647162
71.19774651697306
71.19676852398241
71.19580843695257
71.19486593129444
71.19394068827194
71.19303239489612
71.1921407438192
71.19126543323765
71.19040616678996
71.18956265345925
71.188734607476
71.18792174822748
71.18712380016075
71.18634049269357
71.18557156012541
71.18481674155011
71.1840757807667
71.18334842620003
71.18263443081129
71.18193355202256
71.18124555163119
71.18057019573655
71.17990725465637
71.17925650285851
71.17861771887745
71.17799068524963
71.1773751884357
71.17677101875316
71.1761779703046
71.17559584091133
71.17502443204567
71.17446354876562
71.17391299965026
71.17337259673683
71.1728421554573
71.17232149457897
71.17181043614202
71.17130880540358
71.17081643077802
71.17033314378048
71.1698587789708
71.16939317389968
71.16893616905276
71.16848760780105
71.16804733634595
71.16761520366927
71.1671910614847
71.16677476418583
71.1663661688014
71.16596513494348
71.16557152476446
71.16518520291005
71.16480603647506
71.16443389495791
71.16406865021851
71.16371017643574
71.163358350064
71.16301304979523
71.16267415651568
71.16234155326823
71.16201512521302
71.16169475958813
71.16138034567481
71.16107177475801
71.1607689400908
71.16047173686144
71.16018006215415
71.15989381491923
71.1596128959365
71.15933720778204
71.15906665479994
71.15880114306577
71.15854058035744
71.15828487612382
71.15803394145581
71.15778768905527
71.15754603320661
71.1573088897494
71.15707617604777
71.15684781096465
71.1566237148356
71.15640380943906
71.15618801797463
71.15597626503343
71.15576847657543
71.15556457990341
71.15536450364019
71.15516817770359
71.154975533283
71.15478650281841
71.15460101997364
71.15441901962033
71.15424043780926
71.15406521175535
71.15389327981177
71.153724581453
71.15355905725181
71.153396648861
71.15323729899487
71.15308095140635
71.15292755087263
71.15277704317413
71.15262937507552
71.1524844943117
71.15234234956641
71.1522028904562
71.15206606751553
71.15193183217649
71.15180013675689
71.15167093444138
71.15154417926483
71.15141982610089
71.15129783064401
71.15117814939303
71.15106073964189
71.15094555946031
71.15083256768128
71.15072172388973
71.15061298840355
71.15050632226608
71.15040168722894
71.15029904574175
71.15019836093775
71.15009959662243
71.15000271726164
71.14990768796825
71.14981447449127
71.14972304320506
71.14963336109692
71.14954539575646
71.14945911536414
71.14937448868221
71.14929148504248
71.14921007433584
71.14913022700337
71.14905191402724
71.14897510691591
71.14889977770291
71.14882589892918
71.14875344363904
71.14868238536792
71.14861269813701
71.14854435644044
71.14847733523949
71.14841160995311
71.14834715645065
71.14828395104081
71.14822197046765
71.14816119189993
71.14810159292496
71.14804315153879
71.14798584614162
71.14792965552866
71.14787455888325
71.14782053577143
71.14776756613064
71.14771563026936
71.14766470885458
71.14761478290818
71.14756583380056
71.14751784324356
71.14747079328394
71.14742466629808
71.14737944498549
71.14733511236435
71.1472916517629
71.1472490468161
71.14720728145976
71.14716633992352
71.14712620672901
71.14708686667973
71.14704830485954
71.14701050662731
71.14697345760977
71.14693714369817
71.14690155104425
71.14686666605219
71.14683247538039
71.14679896592833
71.14676612483944
71.146733939493
71.14670239750102
71.14667148670337
71.1466411951642
71.14661151116735
71.14658242321285
71.1465539200133
71.1465259904879
71.14649862376295
71.14647180916222
71.14644553620874
71.14641979461882
71.14639457429654
71.14636986533603
71.14634565801126
71.14632194277695
71.14629871026546
71.14627595128017
71.14625365679636
71.14623181795587
71.14621042606367
71.14618947258627
71.14616894914867
71.14614884752964
71.14612915966158
71.14610987762546
71.14609099364924
71.1460725001062
71.14605438950831
71.14603665450998
71.14601928789853
71.14600228259803
71.14598563166162
71.14596932827291
71.14595336574176
71.14593773750286
71.14592243711158
71.14590745824452
71.14589279469543
71.14587844037317
71.1458643893011
71.14585063561191
71.14583717355005
71.14582399746594
71.14581110181408
71.14579848115456
71.14578613014872
71.14577404355579
71.14576221623349
71.14575064313686
71.14573931931402
71.14572823990602
71.145717400144
71.14570679534907
71.14569642093018
71.14568627238164
71.14567634528068
71.14566663529038
71.14565713815269
71.1456478496912
71.14563876580604
71.14562988247437
71.145621195751
71.14561270176222
71.14560439670896
71.14559627686161
71.14558833856246
71.14558057822204
71.14557299231811
71.14556557739411
71.1455583300607
71.1455512469901
71.14554432491826
71.14553756064346
71.14553095102121
71.14552449297179
71.14551818346828
71.14551201954374
71.14550599828631
71.14550011684061
71.14549437240318
71.14548876222496
71.14548328360922
71.14547793390878
71.14547271052919
71.14546761092177
71.1454626325896
71.14545777307998
71.14545302999016
71.14544840096056
71.14544388367726
71.14543947587006
71.14543517531284
71.14543097982092
71.14542688725153
71.1454228955029
71.1454190025135
71.14541520626177
71.1454115047619
71.14540789606981
71.14540437827593
71.14540094950894
71.14539760793242
71.14539435174461
71.14539117917917
71.14538808850406
71.14538507801937
71.14538214605822
71.14537929098624
71.14537651120054
71.14537380512762
71.1453711712258
71.14536860798265
71.14536611391499
71.14536368756833
71.14536132751519
71.14535903235773
71.14535680072308
71.14535463126685
71.14535252266886
71.14535047363566
71.14534848289809
71.14534654921263
71.1453446713596
71.14534284814262
71.14534107838767
71.14533936094664
71.14533769469104
71.14533607851392
71.14533451133329
71.14533299208506
71.14533151972729
71.1453300932379
71.14532871161596
71.14532737387907
71.14532607906361
71.14532482622714
71.14532361444304
71.14532244280421
71.14532131042186
71.14532021642455
71.14531915995622
71.14531814018075
71.1453171562757
71.14531620743746
71.14531529287574
71.14531441181775
71.145313563506
71.14531274719647
71.14531196216156
71.14531120768811
71.14531048307592
71.14530978763965
