499.0
498.95844643384225
498.9151710624033
498.87010295627346
498.8231682992993
498.77429027408203
498.72338894318864
498.67038112593724
498.6151802706164
498.5576963219939
498.4978355839708
498.43550057723263
498.37058989174875
498.3029980339701
498.23261526857254
498.15932745459554
498.08301587582133
498.00355706524437
497.9208226234782
497.83467903094953
497.74498745373126
497.651603542868
497.5543772270523
497.4531524985127
497.3477671919794
497.2380527566033
497.1238340207052
497.0049289492472
496.8811483939224
496.7522958357753
496.6181671202748
496.4785501847776
496.33322477833786
496.18196217383485
496.02452487241396
495.86066630025783
495.6901304977313
495.5126518009726
495.32795451603397
495.1357525857107
494.93574924923564
494.72763669505844
494.5110957069737
494.2857953039146
494.05139237378046
493.8075313017283
493.5538435934222
493.28994749380274
493.0154476020169
492.729934483227
492.43298427810794
492.1241583109328
491.80300269725103
491.4690479522691
491.1218086011598
490.7607827926505
490.38545191736927
489.99528023256966
489.58971449500007
489.16818360384195
488.73009825580215
488.2748506146218
487.8018139974419
487.3103425806585
486.7997711280963
486.26941474453815
485.7185686578584
485.14650803323116
484.55248782311054
483.93574265691035
483.2954867745502
482.630914008272
481.9411978173722
481.22549138073805
480.48292775231187
479.7126200848452
478.91366192752935
478.08512760330956
477.22607267189295
476.33553448465057
475.41253283778093
474.45607073024775
473.46513523311756
472.43869847700387
471.37571876436624
470.2751418134063
469.1359021402491
467.9569245859823
466.7371259949515
465.4754170504568
464.1707042736742
462.8218921912082
461.4278856761849
459.98759246718595
458.49992586862186
456.96380763532096
455.37817104317634
453.74196414663504
452.05415322263116
450.31372639925416
448.5196974660025
446.6711098609047
444.7670408280913
442.80660573758473
440.7889625571371
438.7133164639033
436.57892458159904
434.38510082657467
432.13122084395224
429.8167270126493
427.44113349576867
425.0040313104985
422.5050933893705
419.9440796024992
417.32084170830706
414.6353281982675
411.8875889994114
409.0777799967799
406.2061673367135
403.2731314708818
400.27917090032645
397.22490557854286
394.11107993280837
390.9385654636007
387.70836288307606
384.4216037552056
381.07955160232046
377.68360244549916
374.2352847494384
370.7362587461761
367.1883151162608
363.5933730106491
359.9534774017352
356.270795757408
352.54761403784255
348.7863320207952
344.9894579673992
341.1596026467812
337.29947274413837
333.41186368314425
329.4996518995978
325.5657866089922
321.61328111607895
317.64520373111435
313.6646682845377
309.6748244510366
305.67884777376236
301.6799295574323
297.68126667440885
293.68605135290363
289.6974610164814
285.71864826480476
281.7527309725868
277.80278272280077
273.87182350580895
269.9628107988235
266.07863106919444
262.22209175024096
258.3959137331119
254.60272441256706
250.84505131872265
247.12531636078037
243.4458307026539
239.8087902843077
236.21627199661197
232.6702305116729
229.172495764992
225.7247710805026
222.32863192458285
218.98552527059678
215.69676955140596
212.46355517365015
209.28694556443338
206.16787871838397
203.10716921087868
200.10551064153105
197.16347847082488
194.28153321200466
191.4600239399963
188.699192079186
185.99917543230856
183.36001241344633
180.78164644918627
178.26393051328228
175.80663176168986
173.40943623654022
171.07195360946793
168.79372193666381
166.57421240006238
164.41283401115936
162.30893825606398
160.26182366249492
158.2707402715106
156.33489399879903
154.45345087232835
152.62554113505684
150.85026320321532
149.12668747239098
147.453859965255
145.83080581628275
144.25653259021095
142.7300334322586
141.25029004930923
139.81627552231333
138.42695695112076
137.08129793379925
135.77826088324315
134.51680918452394
133.29590919699456
132.1145321056323
130.97165562649786
129.8662655715085
128.79735727797333
127.76393690852814
126.76502262723892
125.79964565772354
124.86685122917663
123.96569941617605
123.09526587810757
122.2546425039713
121.4429379682316
120.65927820325004
119.90280679369556
119.17268529816789
118.46809350309587
117.78822961379024
117.13231038733835
116.499571211832
115.88926613621874
115.30066785486503
114.73306765071715
114.18577530074401
113.65811894714756
113.14944493762988
112.65911763781531
112.18651921873845
111.73104942212808
111.29212530604121
110.86918097323309
110.4616672844856
110.06905155896152
109.69081726350248
109.326463692647
108.97550564100965
108.63747306953417
108.31191076701231
107.99837800814447
107.69644820931114
107.40570858312157
107.1257597927098
106.85621560665976
106.59670255535536
106.3468595894741
106.1063377412683
105.8747997892109
105.65191992651751
105.437383433999
105.23088635764293
105.03213519127218
104.8408465645818
104.65674693681262
104.47957229627957
104.30906786593687
104.14498781512867
103.98709497764253
103.83516057615589
103.68896395313993
103.54829230826192
103.41294044230614
103.28271050761498
103.15741176503411
103.03686034733039
102.92087902903796
102.80929700267461
102.70194966126104
102.59867838706452
102.49933034648154
102.40375829096513
102.31182036389754
102.22337991330261
102.13830531028793
102.05646977310295
101.97775119669609
101.9020319876513
101.82919890438257
101.75914290246362
101.691758984969
101.62694605770179
101.56460678918427
101.50464747528667
101.44697790837051
101.39151125082367
101.33816391286518
101.28685543449961
101.23750837150152
101.19004818531238
101.14440313673526
101.10050418331224
101.05828488027367
101.01768128494956
100.97863186453526
100.9410774071066
100.90496093578162
100.87022762592807
100.83682472531854
100.80470147713771
100.77380904574807
100.74410044512297
100.71553046985844
100.68805562867794
100.66163408034532
100.63622537837597
100.61179100689037
100.58829371228899
100.56569765719775
100.5439683672455
100.5230726797945
100.5029786945567
100.4836557260291
100.46507425768465
100.44720589785629
100.43002333725468
100.41350030806092
100.3976115445385
100.38233274511003
100.36764053584602
100.35351243531505
100.33992682074609
100.3268628954554
100.31430065749254
100.30222086946054
100.29060502946788
100.27943534317086
100.26869469686613
100.25836663159538
100.24843531822455
100.23888553346194
100.22970263678036
100.22087254821008
100.21238172697042
100.20421715090868
100.19636629671663
100.18881712089546
100.18155804144163
100.17457792022645
100.16786604604357
100.16141211829967
100.1552062313238
100.14923885927288
100.14350084161026
100.13798336913646
100.1326779705509
100.12757649952499
100.12267112226726
100.11795430556163
100.11341880526163
100.10905765522284
100.10486415665724
100.10083186789348
100.09695459452769
100.09322637995018
100.0896414962337
100.0861944353694
100.08287990083784
100.07969279950146
100.07662823380747
100.07368149428822
100.07084805234865
100.06812355332914
100.06550380983424
100.06298479531597
100.06056263790316
100.0582336144667
100.05599414491195
100.05384078668982
100.0517702295179
100.04977929030377
100.04786490826291
100.04602414022338
100.0442541561107
100.04255223460558
100.04091575896814
100.03934221302228
100.03782917729382
100.03637432529678
100.03497541996217
100.03363031020359
100.03233692761484
100.03109328329379
100.02989746478835
100.0287476331597
100.027642020158
100.02657892550661
100.02555671429053
100.02457381444498
100.02362871434053
100.02271996046068
100.02184615516899
100.02100595456159
100.02019806640226
100.01942124813684
100.01867430498385
100.0179560880984
100.01726549280676
100.01660145690846
100.01596295904397
100.01534901712478
100.01475868682388
100.01419106012429
100.01364526392331
100.01312045869037
100.01261583717644
100.01213081335635
100.01166443606053
100.01121598847112
100.01078478132348
100.01037015184733
100.00997146274858
100.00958810123024
100.00921947805097
100.00886502661973
100.00852420212527
100.00819648069904
100.0078813586104
100.00757835149238
100.00728699359769
100.00700683708288
100.0067374513203
100.00647842223634
100.00622935167513
100.00598985678675
100.00575956943891
100.0055381356512
100.00532521505107
100.00512048035091
100.0049236168449
100.00473432192553
100.00455230461853
100.00437728513555
100.0042089944443
100.00404717385504
100.00389157462308
100.00374195756643
100.0035980926981
100.0034597588728
100.00332674344696
100.00319884195198
100.00307585777983
100.00295760188101
100.00284389247395
100.0027345547656
100.00262942068281
100.00252832861383
100.00243112316019
100.00233765489764
100.00224778014655
100.00216136075107
100.00207826386674
100.00199836175636
100.00192153159361
100.00184765527428
100.0017766192347
100.00170831427721
100.00164263540228
100.00157948164718
100.0015187559307
100.00146036490406
100.00140421880724
100.00135023133117
100.00129831948493
100.00124840346831
100.00120040654912
100.0011542549451
100.00110987771069
100.0010672066278
100.00102617610116
100.0009867230574
100.00094878684791
100.00091230915592
100.00087723390664
100.00084350718117
100.00081107713356
100.00077989391116
100.00074990957796
100.0007210780409
100.00069335497898
100.00066669777527
100.00064106545119
100.00061641860373
100.00059271934475
100.00056993124275
100.00054801926689
100.00052694973311
100.00050669025245
100.00048720968113
100.00046847807278
100.00045046663234
100.0004331476718
100.00041649456767
100.00040048172002
100.0003850845132
100.00037027927789
100.00035604325478
100.00034235455956
100.00032919214937
100.00031653579032
100.0003043660264
100.0002926641497
100.00028141217155
100.00027059279483
100.00026018938746
100.00025018595682
100.00024037474873
100.00023094829345
100.00022189150263
100.00021318987973
100.00020482949657
100.00019679697124
100.00018907944661
100.00018166456971
100.00017454047202
100.00016769575046
100.00016111944916
100.00015480104184
100.00014873041499
100.00014289785179
100.00013729401638
100.00013190993906
100.00012673700189
100.0001217669249
100.00011699175275
100.00011240384214
100.00010799584953
100.0001037607193
100.00009969167252
100.00009578219607
100.0000920260324
100.0000884171692
100.00008494982995
100.00008161846478
100.00007841774129
100.00007534253632
100.00007238792756
100.00006954918581
100.00006682176723
100.0000642013062
100.0000616836083
100.0000592646436
100.00005694054028
100.00005470757822
100.00005256218327
100.00005050092142
100.00004852049335
100.00004661772914
100.00004478958311
100.00004303312909
100.00004134555559
100.00003972416141
100.00003816635132
100.00003666963181
100.00003523160717
100.00003384997564
100.00003252252571
100.00003124713265
100.00003002175498
100.00002884443137
100.00002771327729
100.00002662648217
100.00002558230648
100.00002457907885
100.00002361519347
100.00002268910748
100.00002179933858
100.00002094446262
100.0000201231112
100.00001933396965
100.00001857577479
100.00001784731307
100.00001714741848
100.00001647497072
100.00001582889348
100.0000152081526
100.00001461175447
100.0000140387445
100.00001348820552
100.00001295925631
100.00001245105017
100.00001196277373
100.00001149364533
100.00001104291414
100.00001060985869
100.00001019378578
100.0000097940295
100.00000940994994
100.0000090409323
100.00000868638597
100.00000834574337
100.00000801845931
100.00000770400993
100.00000740189188
100.00000711162158
100.00000683273447
100.00000656478409
100.00000630734155
100.0000060599948
100.00000582234793
100.00000559402054
100.00000537464717
100.00000516387672
100.00000496137176
100.00000476680816
100.00000457987448
100.00000440027156
100.00000422771188
100.00000406191924
100.0000039026283
100.00000374958404
100.00000360254154
100.00000346126541
100.00000332552952
100.00000319511662
100.00000306981792
100.00000294943288
100.00000283376886
100.00000272264066
100.00000261587041
100.00000251328726
100.00000241472696
100.0000023200318
100.00000222905015
100.0000021416364
100.00000205765065
100.00000197695846
100.00000189943069
100.00000182494318
100.00000175337681
100.0000016846169
100.00000161855348
100.00000155508081
100.00000149409726
100.00000143550523
100.00000137921091
100.00000132512423
100.00000127315855
100.00000122323075
100.00000117526093
100.00000112917229
100.00000108489104
100.0000010423463
100.00000100146997
100.00000096219662
100.0000009244634
100.00000088820991
100.00000085337814
100.00000081991232
100.00000078775889
100.00000075686637
100.00000072718535
100.00000069866826
100.0000006712695
100.0000006449452
100.00000061965324
100.00000059535313
100.00000057200594
100.00000054957434
100.00000052802238
100.00000050731563
100.00000048742089
100.00000046830633
100.00000044994135
100.00000043229659
100.00000041534378
100.0000003990558
100.00000038340659
100.00000036837105
100.00000035392515
100.00000034004574
100.00000032671062
100.00000031389845
100.00000030158873
100.00000028976172
100.00000027839849
100.00000026748091
100.00000025699148
100.00000024691337
100.0000002372305
100.00000022792733
100.00000021898899
100.0000002104012
100.00000020215015
100.00000019422271
100.00000018660614
100.00000017928824
100.00000017225733
100.00000016550212
100.00000015901185
100.00000015277607
100.00000014678483
100.00000014102858
100.00000013549806
100.00000013018439
100.00000012507911
100.00000012017404
100.00000011546132
100.0000001109334
100.00000010658306
100.0000001024033
100.00000009838749
100.00000009452913
100.00000009082208
100.00000008726045
100.00000008383847
100.0000000805507
100.00000007739186
100.00000007435688
100.00000007144092
100.00000006863934
100.00000006594757
100.00000006336137
100.00000006087663
100.00000005848932
100.00000005619563
100.00000005399187
100.00000005187457
100.00000004984025
100.00000004788575
100.00000004600787
100.00000004420366
100.00000004247016
100.00000004080465
100.00000003920445
100.00000003766701
100.00000003618987
100.00000003477066
100.0000000334071
100.00000003209703
100.00000003083835
100.000000029629
100.00000002846707
100.00000002735072
100.00000002627814
100.00000002524763
100.00000002425753
100.00000002330626
100.00000002239227
100.00000002151415
100.00000002067048
100.0000000198599
100.00000001908109
100.0000000183328
100.00000001761384
100.00000001692308
100.00000001625943
100.00000001562182
100.00000001500922
100.0000000144206
100.00000001385507
100.00000001331176
100.00000001278971
100.00000001228818
100.00000001180626
100.00000001134327
100.00000001089842
100.00000001047101
100.00000001006038
100.00000000966583
100.0000000092868
100.0000000089226
100.00000000857267
100.0000000082365
100.00000000791351
100.0000000076032
100.00000000730506
100.00000000701857
100.00000000674333
100.0000000064789
100.00000000622481
100.00000000598072
100.00000000574619
100.00000000552086
100.00000000530434
100.00000000509635
100.00000000489649
100.00000000470448
100.00000000451996
100.00000000434272
100.00000000417242
100.00000000400877
100.00000000385154
100.0000000037005
100.00000000355539
100.00000000341595
100.00000000328197
100.00000000315327
100.00000000302964
100.00000000291084
100.0000000027967
100.00000000268705
100.00000000258166
100.00000000248042
100.00000000238316
100.00000000228971
100.0000000021999
100.00000000211361
100.00000000203073
100.0000000019511
100.00000000187458
100.00000000180108
100.00000000173043
100.00000000166256
100.00000000159736
100.00000000153472
100.00000000147452
100.00000000141671
100.00000000136117
100.0000000013078
100.00000000125652
100.00000000120724
100.00000000115989
100.00000000111442
100.0000000010707
100.0000000010287
100.00000000098834
100.00000000094957
100.00000000091234
100.00000000087658
100.00000000084219
100.00000000080917
100.00000000077745
100.00000000074698
100.0000000007177
100.00000000068957
100.00000000066251
100.00000000063653
100.00000000061158
100.00000000058759
100.00000000056457
100.0000000005424
100.00000000052114
100.00000000050068
100.00000000048107
100.0000000004622
100.00000000044406
100.00000000042667
100.00000000040995
100.00000000039387
100.0000000003784
100.00000000036357
100.0000000003493
100.0000000003356
100.00000000032242
100.0000000003098
100.00000000029763
100.00000000028598
100.00000000027478
100.00000000026398
100.00000000025364
100.00000000024369
100.00000000023414
100.00000000022493
100.00000000021612
100.00000000020765
100.00000000019952
100.00000000019168
100.00000000018417
100.00000000017695
100.00000000017002
100.00000000016337
100.00000000015694
100.0000000001508
100.0000000001449
100.00000000013921
100.00000000013375
100.00000000012852
100.00000000012346
100.00000000011863
100.00000000011397
100.00000000010948
100.00000000010516
100.00000000010101
100.00000000009703
100.00000000009322
100.00000000008959
100.00000000008606
100.00000000008271
100.00000000007947
100.00000000007634
100.00000000007333
100.00000000007043
100.00000000006764
100.00000000006497
100.00000000006241
100.00000000005997
100.00000000005764
100.00000000005537
100.0000000000532
100.0000000000511
100.00000000004911
100.00000000004718
100.0000000000453
100.00000000004354
100.00000000004184
100.00000000004019
100.0000000000386
100.00000000003706
100.00000000003558
100.00000000003416
100.0000000000328
100.00000000003149
100.00000000003024
100.00000000002905
100.00000000002791
100.00000000002683
100.00000000002575
100.00000000002473
100.00000000002376
100.00000000002285
100.00000000002194
100.00000000002109
100.00000000002024
100.00000000001944
100.0000000000187
100.00000000001796
100.00000000001728
100.0000000000166
100.00000000001597
100.00000000001535
100.00000000001472
100.00000000001415
100.00000000001359
100.00000000001307
100.00000000001256
100.00000000001205
100.0000000000116
100.00000000001114
100.00000000001069
100.00000000001029
100.00000000000989
100.00000000000949
100.0000000000091
100.00000000000875
100.00000000000841
100.00000000000807
100.00000000000773
100.00000000000745
100.00000000000716
100.00000000000688
100.0000000000066
100.00000000000631
100.00000000000608
100.00000000000585
100.00000000000563
100.0000000000054
100.00000000000517
100.00000000000495
100.00000000000477
100.0000000000046
100.00000000000443
100.00000000000426
100.00000000000409
100.00000000000392
100.00000000000375
100.00000000000358
100.00000000000347
100.00000000000335
100.00000000000324
100.00000000000313
100.00000000000301
100.0000000000029
100.00000000000279
100.00000000000267
100.00000000000256
100.00000000000244
100.00000000000233
100.00000000000222
100.0000000000021
100.00000000000205
100.00000000000199
100.00000000000193
100.00000000000188
100.00000000000182
100.00000000000176
100.0000000000017
100.00000000000165
100.00000000000159
100.00000000000153
100.00000000000148
100.00000000000142
100.00000000000136
100.00000000000131
100.00000000000125
100.0000000000012
100.00000000000114
100.00000000000108
100.00000000000102
100.00000000000097
100.00000000000091
100.00000000000085
100.0000000000008
100.00000000000074
100.00000000000074
