499.0
498.9592899593084
498.91692711347866
498.87284473347046
498.8269734272282
498.7792410359871
498.7295725267566
498.6778898808593
498.62411197840026
498.5681544785393
498.5099296954377
498.4493464697467
498.38631003550745
498.32072188232553
498.2524796126857
498.1814767942703
498.10760280714334
498.0307426856633
497.95077695498685
497.8675814620255
497.78102720072087
497.69098013150204
497.59730099479356
497.49984511844394
497.39846221894834
497.2929961963435
497.1832849226577
497.06916002380535
496.9504466548219
496.8269632683446
496.6985213762518
496.564925304387
496.425971940304
496.28145047398516
496.1311421314981
495.9748199015765
495.81224825512794
495.6431828576942
495.4673702749134
495.28454767105956
495.094442500765
494.8967721940617
494.69124383491453
494.47755383345606
494.25538759217636
494.0244191663648
493.784310919152
493.53471317155396
493.27526384797767
493.00558811771157
492.7252980329919
492.43399216430964
492.13125523370127
491.8166577468511
491.4897556249244
491.15008983714716
490.7971860352516
490.4305541910177
490.04968823825783
489.6540657207168
489.2431474474913
488.81637715771234
488.3731811963821
487.91296820341046
487.4351288180606
486.93903540118157
486.4240417777851
485.88948300270783
485.3346751522927
484.7589151452207
484.1614805958314
483.5416297034757
482.8986011816637
482.2316142309849
481.5398685599984
480.82254445851316
480.07880292789787
479.30778587327666
478.5086163626821
477.6803989584426
476.82222012627653
475.9331487277535
475.0122366019484
474.0585192422647
473.0710165745321
472.04873384257894
470.9906626075516
469.89578186728045
468.76305930198373
467.5914526525405
466.37991123745394
465.1273776144548
463.8327893924609
462.49508119929914
461.1131868102145
459.68604144171826
458.21258421477097
456.69176079063635
455.12252618198715
453.5038477409745
451.8347083249972
450.11410963981166
448.3410757584115
446.51465681277307
444.6339328541097
442.6980178757048
440.70606399070795
438.6572657554749
436.55086462713496
434.3861535420697
432.1624815999106
429.87925883552276
427.5359610592455
425.13213474344786
422.6674019312313
420.1414651409159
417.55411223779925
414.90522124261935
412.1947650442105
409.42281598205653
406.5895502628588
403.6952521738751
400.7403180547075
397.72525998844105
394.6507091726189
391.5174189305026
388.3262673234543
385.0782593261146
381.7745285273573
378.4163383218112
375.0050825590467
371.54228562034655
368.029601896311
364.46881464237043
360.861834193576
357.2106955247817
353.51755514746924
349.7846873399619
346.014479713556
342.2094281231026
338.37213093672824
334.5052826855971
330.61166712081615
326.6941497106637
322.75566961720335
318.799231196924
314.8278950899062
310.8447688701465
306.8529975011345
302.8557534464176
298.85622662368627
294.85761424079533
290.86311058238823
286.87589681636314
282.8991309067991
278.935937629235
274.98939887398984
271.0625442000901
267.1583417437783
263.2796895303491
259.4294072412362
255.61022848326712
251.82479360157768
248.075643071915
244.3652115020513
240.69582226587312
237.0696827874914
233.48888048652685
229.95537938964662
226.47101740754152
223.0375042709084
219.65642011370323
216.32921468701426
213.05720718241156
209.84158663960005
206.68341290965895
203.58361814211202
200.54300876154264
197.56226789744915
194.64195822951388
191.7825252094246
188.98430061980974
186.24750643070809
183.5722589142511
180.9585729788638
178.40636668524246
175.91546590761374
173.48560910527294
171.11645217110663
168.80757332568174
166.55847802749747
164.36860387210828
162.237325455007
160.16395917537056
158.14776795999524
156.1879658889527
154.28372270666478
152.43416820420214
150.63839646064446
148.89546993328327
147.20442338829275
145.564267665231
143.97399327035527
142.4325737952409
140.93896915857636
139.49212867027148
138.09099391816045
136.7345014786078
135.4215854532397
134.15117983482605
132.92222070603913
131.73364827541388
130.58440875534313
129.4734560873602
128.39975352030194
127.36227504721
126.36000670702566
125.39194775726924
124.45711172397603
123.55452733518996
122.68323934430373
121.84230924948093
121.03081591530963
120.24785610272153
119.49254491307005
118.76401615210074
118.06142261936748
117.38393632845782
116.73074866318717
116.10107047471053
115.49413212428573
114.9091834762014
114.34549384516237
113.80235190220458
113.27906554299352
112.77496172214262
112.28938625697799
111.82170360396822
111.3712966108364
110.93756624717815
110.5199313162197
110.11782815017045
109.73071029145063
109.35804816190802
108.99932872198093
108.65405512161266
108.32174634458062
108.00193684776775
107.69417619677614
107.39802869916218
107.1130730364589
106.83890189604534
106.57512160382197
106.3213517585587
106.0772248686942
105.84238599228422
105.61649238072044
105.39921312677205
105.1902288174357
104.98923119202038
104.79592280583722
104.61001669981323
104.43123607630014
104.25931398130678
104.09399299334274
103.93502491902507
103.7821704955661
103.6351991002307
103.49388846682268
103.35802440923618
103.22740055208453
103.10181806839853
102.98108542436881
102.8650181310893
102.75343850324487
102.64617542467334
102.54306412072049
102.44394593729578
102.34866812652967
102.25708363892352
102.16905092187807
102.08443372448085
102.00310090842737
101.92492626494789
101.84978833760852
101.77757025085236
101.7081595441457
101.64144801159193
101.57733154687617
101.51570999340254
101.45648699948691
101.39956987846813
101.34486947360114
101.29230002759789
101.24177905668182
101.19322722902439
101.14656824743349
101.10172873616557
101.05863813173585
101.01722857760296
100.97743482260643
100.93919412303853
100.90244614823433
100.86713288956611
100.83319857273113
100.80058957322461
100.76925433489203
100.73914329145805
100.71020879093157
100.68240502278962
100.65568794784468
100.6300152307042
100.60534617473161
100.58164146769832
100.55886371159386
100.53697675868017
100.51594586318294
100.49573762750691
100.47631995046913
100.45766197747787
100.43973405258748
100.42250767236152
100.40595544147885
100.39005103001904
100.37476913236634
100.36008542767286
100.34597654182375
100.33242001084932
100.31939424573079
100.30687849854797
100.29485282991925
100.28329807768608
100.2721958267955
100.26152838033579
100.2512787316827
100.24143053771394
100.23196809305261
100.22287630530036
100.21414067122316
100.20574725385381
100.19768266047652
100.18993402146009
100.18248896990775
100.17533562209252
100.16846255864812
100.16185880648703
100.15551382141763
100.1494174714341
100.14356002065318
100.13793211387286
100.13252476173
100.1273293264328
100.12233750804717
100.11754133131484
100.11293313298364
100.10850554962946
100.10425150595165
100.10016420352298
100.09623710997744
100.09246394861816
100.08883868842997
100.0853555344803
100.08200891869416
100.07879349098806
100.07570411074948
100.0727358386481
100.06988392876639
100.06714382103684
100.06451113397407
100.06198165769047
100.0595513471842
100.0572163158891
100.0549728294763
100.05281729989792
100.05074627966297
100.048756456337
100.04684464725665
100.04500779445027
100.04324295975738
100.04154732013853
100.03991816316864
100.03835288270619
100.03684897473204
100.03540403335074
100.03401574694811
100.03268189449926
100.03140034202085
100.03016903916205
100.02898601592909
100.02784937953766
100.02675731138862
100.02570806416207
100.02469995902499
100.0237313829482
100.02280078612841
100.02190667951112
100.02104763241044
100.02022227022212
100.01942927222609
100.01866736947511
100.01793534276601
100.0172320206903
100.01655627776131
100.01590703261445
100.01528324627827
100.01468392051282
100.01410809621342
100.01355485187673
100.01302330212712
100.01251259630061
100.01202191708433
100.01155067153167
100.01109789775961
100.01066287175468
100.01024489787852
100.00984330775611
100.00945745920757
100.0090867352215
100.00873054296892
100.00838831285557
100.00805949761144
100.00774357141609
100.00744002905788
100.00714838512653
100.00686817323702
100.00659894528405
100.00634027072573
100.00609173589521
100.00585294333933
100.00562351118333
100.0054030725201
100.0051912748238
100.00498777938611
100.0047922607747
100.00460440631298
100.00442391558005
100.00425049993055
100.004083882033
100.00392379542637
100.0037699840941
100.00362220205477
100.00348021296861
100.00334378975975
100.0032127142531
100.0030867768254
100.00296577607025
100.00284951847584
100.00273781811552
100.0026304963506
100.00252738154467
100.00242830878909
100.00233311963933
100.0022416618616
100.00215378918938
100.00206936108958
100.00198824253772
100.00191030380216
100.00183542023643
100.00176347208009
100.0016943442671
100.0016279262419
100.00156411178256
100.00150279883087
100.00144388932915
100.00138728906359
100.00133290751336
100.00128065770599
100.00123045607819
100.00118222234238
100.00113587935806
100.00109135300863
100.00104857208277
100.00100746816054
100.00096797550412
100.00093003095253
100.00089357382058
100.00085854580192
100.00082489087583
100.00079255521752
100.00076148711207
100.00073163687182
100.00070295675681
100.00067540089844
100.00064892522613
100.00062348739687
100.00059904672747
100.00057556412952
100.00055300204679
100.0005313243953
100.00051049650557
100.00049048506708
100.0004712580751
100.00045278477944
100.00043503563535
100.00041798225624
100.00040159736824
100.00038585476659
100.00037072927375
100.00035619669916
100.0003422338005
100.00032881824654
100.00031592858147
100.00030354419044
100.00029164526683
100.00028021278035
100.00026922844677
100.0002586746985
100.00024853465663
100.00023859327655
100.0002290495512
100.00021988757442
100.00021109207626
100.00020264839765
100.00019454246586
100.00018676077099
100.00017929034362
100.00017211873308
100.0001652339867
100.00015862462999
100.0001522796473
100.0001461884637
100.00014034092726
100.00013472729216
100.00012933820227
100.00012416467587
100.00011919809037
100.0001144301682
100.0001098529628
100.0001054588455
100.00010124049277
100.0000971908741
100.00009330324008
100.00008957111135
100.0000859882677
100.00008254873774
100.00007924678891
100.00007607691799
100.00007303384183
100.00007011248869
100.00006730798964
100.00006461567051
100.00006203104408
100.0000595498027
100.00005716781095
100.00005488109883
100.00005268585517
100.00005057842122
100.00004855528465
100.0000466130735
100.00004474855075
100.0000429586089
100.00004124026475
100.00003959065435
100.00003800702837
100.00003648674738
100.00003502727759
100.00003362618662
100.00003228113928
100.00003098989384
100.00002975029821
100.00002856028635
100.000027417875
100.00002632116008
100.00002526831372
100.00002425758123
100.00002328727805
100.000022355787
100.00002146155555
100.00002060309339
100.00001977896972
100.00001898781096
100.00001822829859
100.00001749916669
100.00001679920007
100.00001612723207
100.00001548214283
100.00001486285714
100.00001426834285
100.00001369760918
100.00001314970484
100.00001262371666
100.00001211876798
100.00001163401726
100.00001116865656
100.00001072191031
100.00001029303394
100.00000988131256
100.0000094860601
100.00000910661771
100.00000874235303
100.00000839265891
100.00000805695254
100.00000773467445
100.00000742528749
100.00000712827602
100.000006843145
100.00000656941921
100.00000630664243
100.00000605437674
100.00000581220166
100.00000557971362
100.0000053565251
100.00000514226411
100.00000493657353
100.00000473911058
100.00000454954613
100.00000436756432
100.00000419286175
100.00000402514729
100.00000386414138
100.00000370957571
100.00000356119267
100.00000341874494
100.00000328199513
100.00000315071532
100.00000302468669
100.00000290369923
100.00000278755124
100.00000267604918
100.00000256900722
100.00000246624694
100.00000236759706
100.0000022728932
100.0000021819775
100.0000020946984
100.00000201091046
100.00000193047401
100.00000185325507
100.00000177912489
100.00000170795988
100.00000163964148
100.00000157405583
100.00000151109361
100.00000145064985
100.00000139262386
100.0000013369189
100.00000128344215
100.00000123210447
100.00000118282026
100.00000113550743
100.00000109008715
100.00000104648365
100.00000100462432
100.00000096443932
100.00000092586174
100.00000088882729
100.00000085327417
100.00000081914322
100.00000078637748
100.00000075492238
100.00000072472551
100.0000006957365
100.00000066790705
100.00000064119075
100.00000061554312
100.00000059092139
100.00000056728453
100.00000054459315
100.00000052280944
100.00000050189703
100.00000048182113
100.00000046254831
100.0000004440464
100.00000042628454
100.00000040923317
100.00000039286385
100.00000037714932
100.00000036206336
100.0000003475808
100.00000033367758
100.00000032033046
100.00000030751721
100.00000029521652
100.00000028340787
100.00000027207153
100.00000026118869
100.00000025074115
100.00000024071153
100.00000023108305
100.00000022183974
100.00000021296614
100.00000020444747
100.00000019626958
100.00000018841882
100.00000018088207
100.00000017364681
100.00000016670094
100.00000016003293
100.00000015363162
100.00000014748633
100.0000001415869
100.00000013592341
100.00000013048646
100.00000012526698
100.00000012025629
100.00000011544603
100.00000011082818
100.00000010639508
100.00000010213927
100.0000000980537
100.00000009413156
100.00000009036631
100.00000008675164
100.00000008328158
100.00000007995033
100.00000007675231
100.0000000736822
100.00000007073493
100.00000006790555
100.00000006518934
100.00000006258176
100.00000006007849
100.00000005767538
100.00000005536833
100.0000000531536
100.00000005102743
100.00000004898635
100.0000000470269
100.00000004514584
100.00000004333998
100.00000004160637
100.00000003994211
100.00000003834441
100.00000003681066
100.00000003533825
100.00000003392472
100.00000003256775
100.00000003126502
100.0000000300144
100.00000002881382
100.00000002766126
100.0000000265548
100.00000002549262
100.00000002447291
100.00000002349401
100.00000002255427
100.00000002165211
100.00000002078605
100.0000000199546
100.0000000191564
100.00000001839015
100.00000001765454
100.00000001694838
100.00000001627046
100.00000001561966
100.0000000149949
100.00000001439508
100.00000001381926
100.00000001326646
100.00000001273577
100.00000001222634
100.00000001173726
100.00000001126779
100.00000001081708
100.00000001038438
100.00000000996903
100.00000000957027
100.00000000918749
100.00000000882
100.00000000846717
100.0000000081285
100.00000000780335
100.00000000749122
100.0000000071916
100.00000000690392
100.00000000662777
100.00000000636265
100.00000000610817
100.00000000586385
100.00000000562932
100.00000000540416
100.00000000518799
100.00000000498045
100.00000000478121
100.00000000458999
100.00000000440639
100.00000000423012
100.0000000040609
100.00000000389844
100.00000000374251
100.00000000359279
100.00000000344909
100.00000000331113
100.00000000317868
100.00000000305153
100.00000000292948
100.00000000281233
100.00000000269984
100.00000000259183
100.00000000248815
100.00000000238862
100.00000000229306
100.00000000220132
100.00000000211327
100.00000000202874
100.00000000194757
100.0000000018697
100.00000000179489
100.0000000017231
100.00000000165414
100.00000000158798
100.00000000152448
100.00000000146349
100.00000000140494
100.00000000134872
100.00000000129478
100.000000001243
100.00000000119326
100.00000000114551
100.00000000109969
100.0000000010557
100.00000000101346
100.00000000097293
100.000000000934
100.00000000089665
100.00000000086078
100.00000000082633
100.0000000007933
100.00000000076159
100.00000000073112
100.0000000007019
100.00000000067382
100.00000000064688
100.00000000062101
100.00000000059617
100.0000000005723
100.00000000054939
100.0000000005274
100.0000000005063
100.00000000048607
100.00000000046663
100.00000000044798
100.00000000043008
100.00000000041285
100.00000000039631
100.00000000038045
100.00000000036522
100.00000000035061
100.00000000033657
100.0000000003231
100.0000000003102
100.0000000002978
100.00000000028587
100.00000000027444
100.00000000026347
100.00000000025295
100.00000000024284
100.00000000023311
100.00000000022379
100.00000000021481
100.00000000020623
100.00000000019799
100.00000000019008
100.00000000018247
100.00000000017519
100.0000000001682
100.00000000016149
100.00000000015501
100.00000000014882
100.00000000014285
100.0000000001371
100.00000000013165
100.00000000012636
100.0000000001213
100.00000000011647
100.00000000011181
100.00000000010732
100.000000000103
100.00000000009891
100.00000000009493
100.00000000009112
100.00000000008748
100.00000000008396
100.0000000000806
100.00000000007736
100.00000000007424
100.00000000007128
100.00000000006844
100.00000000006571
100.0000000000631
100.0000000000606
100.00000000005815
100.00000000005582
100.0000000000536
100.00000000005144
100.0000000000494
100.00000000004741
100.00000000004553
100.00000000004371
100.00000000004195
100.00000000004025
100.00000000003865
100.00000000003712
100.00000000003564
100.00000000003422
100.00000000003286
100.00000000003155
100.0000000000303
100.0000000000291
100.00000000002797
100.00000000002683
100.00000000002575
100.00000000002473
100.00000000002376
100.0000000000228
100.00000000002188
100.00000000002103
100.00000000002018
100.00000000001938
100.00000000001859
100.00000000001785
100.00000000001711
100.00000000001643
100.00000000001575
100.00000000001512
100.0000000000145
100.00000000001393
100.00000000001336
100.00000000001285
100.00000000001234
100.00000000001182
100.00000000001137
100.00000000001091
100.00000000001046
100.00000000001006
100.00000000000966
100.00000000000927
100.00000000000887
100.00000000000853
100.00000000000819
100.00000000000784
100.0000000000075
100.00000000000722
100.00000000000693
100.00000000000665
100.00000000000637
100.00000000000614
100.00000000000591
100.00000000000568
100.00000000000546
100.00000000000523
100.000000000005
100.00000000000477
100.0000000000046
100.00000000000443
100.00000000000426
100.00000000000409
100.00000000000392
100.00000000000375
100.00000000000358
100.00000000000341
100.0000000000033
100.00000000000318
100.00000000000307
100.00000000000296
100.00000000000284
100.00000000000273
100.00000000000261
100.0000000000025
100.00000000000239
100.00000000000227
100.00000000000216
100.00000000000205
100.00000000000199
100.00000000000193
100.00000000000188
100.00000000000182
100.00000000000176
100.0000000000017
100.00000000000165
100.00000000000159
100.00000000000153
100.00000000000148
100.00000000000142
100.00000000000136
100.00000000000131
100.00000000000125
100.0000000000012
100.00000000000114
100.00000000000108
100.00000000000102
100.00000000000097
100.00000000000091
100.00000000000085
100.0000000000008
100.00000000000074
100.00000000000068
100.00000000000068
100.00000000000068
100.00000000000068
100.00000000000068
100.00000000000068
100.00000000000068
100.00000000000068
100.00000000000068
100.00000000000068
100.00000000000068
100.00000000000068
100.00000000000068
100.00000000000068
100.00000000000068
