499.0
498.9601
498.918612139201
498.8754735647396
498.8306189632995
498.7839804670324
498.7354875560642
498.6850669574788
498.6326425406686
498.5781352089375
498.5214627872434
498.4625399059621
498.40127788055463
498.33758458701834
498.2713643329996
498.2025177244465
498.1309415276775
498.0565285267419
497.9791673759483
497.89874244743567
497.81513367366335
497.7282163846963
497.6378611401636
497.54393355576946
497.4462941242381
497.3447980305776
497.2392949615505
497.1296289092435
497.0156379686331
496.89715412905184
496.7740030594638
496.6460038874684
496.5129689719594
496.3747036693768
496.23100609350035
496.0816668687471
495.92646887694974
495.7651869976088
495.59758784162966
495.42342947857605
495.24246115749287
495.05442302137635
494.8590458153966
494.65605058900525
494.4451483920962
494.22603996541864
493.9984154254835
493.7619539442433
493.51632342387245
493.2611801670217
492.9961685429767
492.7209206502036
492.4350559758298
492.1381810526719
491.82988911449485
491.5097597502628
491.1773585582231
490.83223680075304
490.47393106099094
490.1019629023736
489.71583853230715
489.3150484713088
488.8990672290782
488.4673529890798
488.01934730335086
487.55447479938863
487.0721429011161
486.57174156607766
486.0526430411776
485.51420163943834
484.9557535404302
484.376616617201
483.7760902927216
483.1534554290495
482.5079742526096
481.8388903191887
481.1454285224401
480.42679514989794
479.68217799070425
478.91074649945256
478.1116520207517
477.28402807930786
476.42699074051035
475.5396390466855
474.62105553434964
473.67030683794263
472.68644438566116
471.66850519311737
470.6155127606413
469.52647808009897
468.4004007571232
467.2362702546392
466.0330672635074
464.78976520600025
463.5053318776651
462.1787312329077
460.80892531933927
459.3948763655753
457.93554902673503
456.42991279137266
454.8769445529643
453.2756313483705
451.62497326489466
449.9239865166527
448.1717066899572
446.3671921562987
444.50952765027057
442.597828008441
440.6312420637135
438.60895668815175
436.5302009755696
434.3942505534125
432.2004320115939
429.94812743399905
427.63677901635936
425.26589375212643
422.83504816587833
420.3438930716697
417.79215833163425
415.1796575880767
412.5062929402874
409.77205953540397
406.97705004086833
404.121458964413
401.2055867861008
398.2298438657727
395.1947540883621
392.1009582089565
388.94921685925726
385.7404131772448
382.4755550224253
379.15577674005095
375.78234043918303
372.35663675142706
368.88018503962485
365.35463302873416
361.78175583456624
358.1634543699664
354.50175311239116
350.79879722162354
347.05684900153994
343.2782837053353
339.46558468938326
335.62133792687075
331.74822589844075
327.84902088321064
323.92657767962595
319.98382579157186
316.02376112089866
312.0494372129446
308.0639561066595
304.07045884546847
300.07211570898977
296.0721162290573
292.07365905614915
288.0799417442249
284.09415052310703
280.1194501278652
276.15897375418706
272.2158132074324
268.2930093110048
264.39354263686005
260.52032461745534
256.6761890942864
252.86388435342582
249.08606569325053
245.34528856390972
241.64400231212596
237.98454455874065
234.36913623009934
230.79987725801766
227.2787429567682
223.807581079363
220.38810954946075
217.0219148595716
213.71045112092884
210.45503974550422
207.25686973620213
204.1169985573149
201.0363535538807
198.01573388567198
195.0558129391598
192.1571411789459
189.32014939881566
186.54515233172572
183.83235257766887
181.1818448084328
178.59362020874556
176.06757111414737
173.60349580710204
171.20110343432054
168.86001900997422
166.57978847138065
164.3598837558148
162.19970786928837
160.0985999204193
158.05584009484198
156.0706545479601
154.14222019618535
152.26966938911517
150.4520944473553
148.6885520528736
146.97806748085918
145.31963866404845
143.7122400823505
142.1548264723582
140.6463363529553
139.18569536472887
137.77181942226144
136.40361767961775
135.07999531044942
133.79985610512955
132.5621048881971
131.3656497601442
130.20940416822606
129.09228881151694
128.01323338588554
126.97117817492335
125.96507549314077
124.9938909879516
124.05660480710532
123.15221263830563
122.27972662777836
121.43817618452806
120.62660867695882
119.84409002843171
119.0897052182001
118.3625586940039
117.6617747024228
116.98649754288982
116.33589175105169
115.70914221693982
115.10545424318144
114.52405354824344
113.96418621946094
113.42511862035968
112.90613725654237
112.40654860416913
111.92567890482911
111.46287393037005
111.0174987210296
110.58893729999522
110.17659236730975
109.7798849758384
109.39825419181892
109.03115674233158
108.67806665184878
108.33847486985621
108.01188889137751
107.69783237208321
107.39584473952277
107.10548080188295
106.82631035555022
106.55791779263524
106.29990170950731
106.05187451728193
105.81346205510795
105.58430320701024
105.36404952296061
105.15236484477066
104.9489249373292
104.75341712563954
104.56553993805102
104.38500275602155
104.21152547069772
104.04483814654884
103.88468069225007
103.73080253896813
103.58296232616789
103.44092759502422
103.30447448949468
103.17338746508005
103.04745900527718
102.92648934570497
102.8102862058658
102.69866452848703
102.59144622637126
102.48845993667084
102.38954078248963
102.29453014170514
102.20327542289402
102.11562984823718
102.03145224327318
101.9506068333639
101.87296304673117
101.79839532391935
101.7267829335367
101.65800979412518
101.59196430200791
101.5285391649615
101.46763124156092
101.40914138604461
101.3529742985474
101.29903838055077
101.24724559540016
101.19751133374166
101.14975428373145
101.10389630587349
101.05986231234397
101.0175801506623
100.97698049157208
100.93799672099726
100.90056483594225
100.8646233442069
100.83011316779135
100.79697754986682
100.76516196519367
100.7346140338692
100.70528343829233
100.67712184323346
100.65008281890317
100.62412176691419
100.5991958490356
100.5752639186407
100.55228645475268
100.53022549859537
100.50904459255946
100.48870872149678
100.46918425625836
100.45043889939467
100.43244163293912
100.41516266819815
100.39857339747431
100.38264634765068
100.36735513556738
100.35267442512423
100.33857988604427
100.32504815423641
100.3120567936972
100.29958425989355
100.2876098645707
100.27611374193128
100.2650768161339
100.25448077006041
100.24430801530423
100.23454166333272
100.22516549777862
100.21616394781762
100.20752206259016
100.1992254866272
100.19126043624158
100.18361367684736
100.1762725011717
100.1692247083243
100.16245858369149
100.15596287962296
100.14972679688003
100.14373996681621
100.13799243426138
100.13247464108213
100.12717741039188
100.12209193138557
100.11720974477413
100.11252272879557
100.10802308578019
100.10370332924771
100.09955627151584
100.09557501180035
100.09175292478665
100.08808364965512
100.08456107954186
100.0811793514178
100.07793283636983
100.07481613026772
100.07182404480233
100.06895159887955
100.06619401035664
100.06354668810707
100.06100522440096
100.05856538758866
100.05622311507557
100.05397450657642
100.0518158176381
100.04974345342049
100.04775396272481
100.04584403225994
100.0440104811371
100.04225025558384
100.0405604238689
100.03893817142892
100.0373807961899
100.0358857040747
100.03445040469006
100.03307250718552
100.0317497162772
100.03047982843054
100.02926072819531
100.0280903846865
100.02696684820603
100.02588824699887
100.02485278413906
100.0238587345396
100.02290444208194
100.02198831686002
100.0211088325342
100.02026452379113
100.01945398390455
100.0186758623941
100.01792886277713
100.01721174041046
100.01652330041844
100.01586239570366
100.0152279250371
100.0146188312246
100.01403409934665
100.01347275506839
100.01293386301717
100.01241652522498
100.01191987963301
100.01144309865606
100.01098538780428
100.01054598435996
100.01012415610734
100.0097192001129
100.00933044155465
100.00895723259816
100.00859895131742
100.00825500065895
100.00792480744707
100.00760782142947
100.00730351436022
100.00701137911994
100.0067309288711
100.00646169624679
100.00620323257226
100.00595510711736
100.005716906379
100.00548823339216
100.00526870706852
100.0050579615617
100.00485564565753
100.00466142218897
100.00447496747432
100.00429597077789
100.00412413379229
100.00395917014146
100.00380080490328
100.00364877415177
100.00350282451706
100.00336271276336
100.0032282053836
100.00309907821037
100.00297511604236
100.00285611228583
100.00274186861014
100.00263219461755
100.00252690752569
100.0024258318632
100.00232879917712
100.00223564775234
100.00214622234205
100.00206037390899
100.00197795937714
100.00189884139331
100.00182288809816
100.00174997290651
100.00167997429651
100.00161277560687
100.00154826484271
100.00148633448873
100.00142688133008
100.00136980628048
100.00131501421691
100.00126241382117
100.00121191742767
100.00116344087746
100.00111690337775
100.00107222736739
100.00102933838764
100.00098816495807
100.00094863845737
100.00091069300908
100.00087426537164
100.00083929483321
100.00080572311032
100.00077349425084
100.00074255454064
100.00071285241415
100.00068433836839
100.00065696488048
100.0006306863284
100.00060545891506
100.00058124059512
100.00055799100511
100.00053567139605
100.00051424456888
100.00049367481256
100.00047392784444
100.00045497075314
100.00043677194373
100.00041930108506
100.00040252905922
100.00038642791304
100.00037097081145
100.00035613199276
100.00034188672572
100.00032821126837
100.00031508282842
100.0003024795252
100.00029038035336
100.00027876514764
100.0002676145495
100.00025690997467
100.00024663358226
100.00023676824503
100.00022729752084
100.00021820562517
100.00020947740495
100.00020109831314
100.00019305438468
100.000185332213
100.00017791892793
100.00017080217395
100.00016397008989
100.00015741128897
100.00015111483987
100.00014507024855
100.00013926744072
100.00013369674502
100.00012834887701
100.00012321492358
100.00011828632813
100.0001135548764
100.00010901268263
100.0001046521765
100.00010046609054
100.00009644744796
100.00009258955095
100.00008888596977
100.00008533053176
100.0000819173112
100.00007864061945
100.00007549499531
100.00007247519608
100.00006957618876
100.00006679314168
100.00006412141647
100.00006155656024
100.0000590942982
100.00005673052664
100.00005446130592
100.00005228285397
100.00005019154008
100.00004818387873
100.00004625652383
100.0000444062631
100.00004263001279
100.00004092481248
100.00003928782013
100.00003771630747
100.00003620765534
100.00003475934926
100.00003336897544
100.00003203421653
100.00003075284798
100.00002952273417
100.00002834182487
100.00002720815195
100.00002611982592
100.00002507503297
100.00002407203169
100.0000231091505
100.00002218478454
100.00002129739323
100.00002044549757
100.00001962767772
100.00001884257063
100.00001808886782
100.00001736531311
100.00001667070063
100.00001600387264
100.00001536371775
100.00001474916905
100.0000141592023
100.0000135928342
100.00001304912087
100.00001252715606
100.00001202606984
100.00001154502706
100.00001108322601
100.00001063989697
100.00001021430108
100.00000980572906
100.00000941349992
100.00000903695991
100.00000867548152
100.00000832846229
100.00000799532381
100.00000767551086
100.0000073684904
100.0000070737508
100.00000679080074
100.00000651916872
100.00000625840198
100.0000060080659
100.00000576774323
100.00000553703353
100.00000531555219
100.00000510293012
100.0000048988129
100.0000047028604
100.00000451474597
100.00000433415613
100.0000041607899
100.00000399435828
100.00000383458394
100.00000368120055
100.00000353395251
100.00000339259441
100.00000325689064
100.00000312661501
100.0000030015504
100.0000028814884
100.00000276622887
100.00000265557969
100.00000254935651
100.00000244738226
100.00000234948698
100.00000225550752
100.00000216528724
100.00000207867578
100.00000199552875
100.00000191570757
100.00000183907929
100.00000176551612
100.00000169489545
100.0000016270996
100.0000015620156
100.00000149953496
100.00000143955356
100.0000013819714
100.00000132669254
100.00000127362483
100.00000122267983
100.00000117377266
100.00000112682176
100.0000010817489
100.00000103847896
100.00000099693978
100.00000095706218
100.00000091877968
100.00000088202847
100.00000084674735
100.00000081287749
100.00000078036237
100.00000074914789
100.00000071918197
100.00000069041471
100.00000066279813
100.00000063628619
100.00000061083472
100.00000058640131
100.00000056294527
100.00000054042744
100.00000051881034
100.00000049805794
100.00000047813563
100.00000045901021
100.00000044064979
100.00000042302378
100.0000004061028
100.00000038985866
100.00000037426429
100.00000035929372
100.000000344922
100.00000033112514
100.00000031788011
100.00000030516492
100.0000002929583
100.00000028123998
100.00000026999038
100.00000025919076
100.00000024882314
100.0000002388702
100.00000022931539
100.0000002201428
100.00000021133707
100.0000002028836
100.00000019476823
100.0000001869775
100.00000017949839
100.00000017231844
100.00000016542572
100.00000015880869
100.00000015245632
100.00000014635805
100.00000014050374
100.00000013488358
100.00000012948823
100.00000012430871
100.00000011933639
100.00000011456291
100.00000010998042
100.0000001055812
100.00000010135795
100.00000009730365
100.00000009341153
100.00000008967504
100.00000008608805
100.00000008264453
100.00000007933875
100.00000007616518
100.0000000731186
100.00000007019383
100.00000006738605
100.0000000646906
100.00000006210297
100.00000005961886
100.0000000572341
100.00000005494473
100.00000005274694
100.00000005063708
100.00000004861158
100.00000004666714
100.00000004480046
100.00000004300841
100.0000000412881
100.00000003963657
100.0000000380511
100.00000003652906
100.0000000350679
100.00000003366517
100.00000003231855
100.00000003102582
100.00000002978481
100.00000002859343
100.00000002744969
100.0000000263517
100.00000002529765
100.00000002428573
100.00000002331427
100.0000000223817
100.00000002148641
100.00000002062694
100.00000001980186
100.0000000190098
100.00000001824941
100.00000001751943
100.00000001681866
100.00000001614592
100.00000001550006
100.00000001488007
100.00000001428486
100.00000001371347
100.00000001316494
100.00000001263834
100.00000001213283
100.0000000116475
100.00000001118161
100.00000001073437
100.00000001030497
100.0000000098928
100.00000000949711
100.00000000911723
100.00000000875252
100.00000000840242
100.00000000806631
100.00000000774367
100.00000000743393
100.00000000713658
100.00000000685111
100.00000000657707
100.000000006314
100.00000000606144
100.000000005819
100.00000000558623
100.00000000536278
100.00000000514825
100.00000000494231
100.0000000047446
100.0000000045548
100.00000000437262
100.00000000419772
100.0000000040298
100.00000000386859
100.00000000371386
100.00000000356533
100.00000000342271
100.00000000328578
100.00000000315435
100.00000000302816
100.00000000290703
100.00000000279073
100.00000000267909
100.00000000257194
100.00000000246905
100.00000000237026
100.00000000227544
100.00000000218444
100.00000000209707
100.00000000201317
100.00000000193262
100.00000000185531
100.00000000178107
100.00000000170985
100.00000000164147
100.00000000157581
100.00000000151277
100.00000000145224
100.00000000139414
100.00000000133838
100.00000000128483
100.00000000123345
100.0000000011841
100.00000000113675
100.00000000109128
100.00000000104762
100.00000000100573
100.00000000096549
100.00000000092689
100.00000000088983
100.00000000085424
100.00000000082008
100.00000000078728
100.00000000075579
100.00000000072555
100.0000000006965
100.00000000066865
100.00000000064188
100.00000000061618
100.00000000059151
100.00000000056787
100.00000000054513
100.0000000005233
100.00000000050238
100.00000000048226
100.00000000046299
100.00000000044446
100.00000000042667
100.00000000040961
100.00000000039324
100.0000000003775
100.00000000036238
100.00000000034788
100.00000000033396
100.0000000003206
100.00000000030775
100.00000000029542
100.00000000028359
100.00000000027222
100.00000000026131
100.00000000025085
100.00000000024079
100.00000000023113
100.00000000022186
100.00000000021299
100.00000000020447
100.00000000019628
100.00000000018844
100.00000000018088
100.00000000017366
100.00000000016672
100.00000000016007
100.00000000015365
100.00000000014751
100.0000000001416
100.00000000013591
100.00000000013046
100.00000000012523
100.00000000012022
100.00000000011539
100.00000000011079
100.00000000010635
100.00000000010209
100.000000000098
100.00000000009408
100.00000000009032
100.00000000008669
100.00000000008322
100.00000000007987
100.00000000007668
100.00000000007361
100.00000000007066
100.00000000006781
100.00000000006509
100.00000000006247
100.00000000005997
100.00000000005758
100.00000000005525
100.00000000005303
100.00000000005093
100.00000000004889
100.00000000004695
100.00000000004508
100.00000000004326
100.00000000004155
100.0000000000399
100.00000000003831
100.00000000003678
100.0000000000353
100.00000000003388
100.00000000003251
100.0000000000312
100.00000000002996
100.00000000002876
100.00000000002763
100.00000000002655
100.00000000002547
100.00000000002444
100.00000000002348
100.00000000002251
100.0000000000216
100.00000000002075
100.0000000000199
100.0000000000191
100.00000000001836
100.00000000001762
100.00000000001694
100.00000000001626
100.00000000001558
100.00000000001495
100.00000000001432
100.00000000001376
100.00000000001319
100.00000000001268
100.00000000001216
100.00000000001165
100.0000000000112
100.00000000001074
100.00000000001029
100.00000000000989
100.00000000000949
100.0000000000091
100.00000000000875
100.00000000000841
100.00000000000807
100.00000000000773
100.00000000000745
100.00000000000716
100.00000000000688
100.0000000000066
100.00000000000631
100.00000000000608
100.00000000000585
100.00000000000563
100.0000000000054
100.00000000000517
100.00000000000495
100.00000000000477
100.0000000000046
100.00000000000443
100.00000000000426
100.00000000000409
100.00000000000392
100.00000000000375
100.00000000000358
100.00000000000341
100.0000000000033
100.00000000000318
100.00000000000307
100.00000000000296
100.00000000000284
100.00000000000273
100.00000000000261
100.0000000000025
100.00000000000239
100.00000000000227
100.00000000000216
100.00000000000205
100.00000000000199
100.00000000000193
100.00000000000188
100.00000000000182
100.00000000000176
100.0000000000017
100.00000000000165
100.00000000000159
100.00000000000153
100.00000000000148
100.00000000000142
100.00000000000136
100.00000000000131
100.00000000000125
100.0000000000012
100.00000000000114
100.00000000000108
100.00000000000102
100.00000000000097
100.00000000000091
100.00000000000085
100.0000000000008
100.00000000000074
100.00000000000068
100.00000000000068
100.00000000000068
100.00000000000068
100.00000000000068
100.00000000000068
100.00000000000068
100.00000000000068
100.00000000000068
100.00000000000068
100.00000000000068
100.00000000000068
100.00000000000068
100.00000000000068
100.00000000000068
100.00000000000068
100.00000000000068
100.00000000000068
100.00000000000068
