-0.03374051600092723
-0.14708629395531606
-0.3951571183372308
-0.8312597827908734
-1.5397588008163217
-2.5603674527768585
-3.0138027538572545
-2.483528723356451
-1.675718264558943
-0.9223707341282784
-0.4395474123583587
-0.1520520975127717
0.017969505717734882
0.1151156421215028
0.16724783004143295
0.19548466779982135
0.21727402310492175
0.2562942269538327
0.4823767340874028
0.6644942821246227
0.9808887370028322
1.455707149739524
2.1323204896785266
3.046236094004287
4.247409658625367
5.8875292390375975
7.360001577397455
7.613314406827113
7.15900754979587
6.009744743371032
4.6151135416982285
2.9225538183372644
1.8781924090178448
1.1231502633909345
0.6336079326095599
0.3091502732047099
0.1028113006878706
-0.019822559078135342
-0.08578336115654281
-0.1167001835487744
-0.12914110636104809
-0.13444384992943287
-0.13904085053591747
-0.14188912571135093
-0.1504993882271933
-0.16107630463593778
-0.17294048105634005
-0.19240901976893585
-0.2510987712782994
-0.3696180682899419
-0.6982973007219955
-0.9846912303832205
-1.467527514418363
-2.148376179414937
-3.067657992022445
-4.275384590598855
-5.916826884809229
-7.377498554767078
-7.609753441509466
-7.14019212131764
-5.984144239508494
-4.585116624369144
-2.8827462493119853
-1.848422164808767
-1.1045449542040133
-0.6211572105609372
-0.30105075844114876
-0.09782495741745809
0.022642125250826275
0.08719554490531428
0.11730463783387021
0.12937566215928792
0.13458136228637296
0.13921549057086866
0.1415294433120867
0.15118863900839544
0.16143809948225604
0.1731708869451579
0.19479959859511625
0.2809840921417035
0.43242167922955294
0.7036416730311961
1.0140931010362022
1.5097900276183411
2.20723222464275
3.1462364677480488
4.378097802637258
6.023538840756349
7.436661097106047
7.590868247943527
7.062008667459002
5.879966462666242
4.4634395434597
2.717224041432619
1.7260891914971335
1.027193429070612
0.569436569684575
0.26752141353930725
0.07730144337061987
-0.03415097328984288
-0.09289501784667713
-0.11971585262633014
-0.13032121746280298
-0.1351786366207991
-0.13999235998300785
-0.13876676452657774
-0.15256620062709617
-0.16243959265277183
-0.17375504872231232
-0.20052392901344457
-0.2990416358715648
-0.42621589602317483
-0.7709807048332119
-1.097282663309348
-1.6322926806059495
-2.374278784283856
-3.3669747909819656
-4.664630811754687
-6.314198925662672
-7.564095711895923
-7.502315982646387
-6.792980385364165
-5.534172978827742
-4.057021111940608
-2.6906363610443647
-1.703383600749758
-1.0128097923756492
-0.5598215844931247
-0.26131109624871385
-0.07352218911128534
0.03625233390266651
0.09392372758566088
0.12014597353510126
0.13049200121451104
0.1352946850585821
0.1401453571195733
0.13793376934372586
0.15284303357766288
0.16250910350257167
0.17378337765300692
0.20172871307897156
0.3726777935394141
0.4971528172556087
0.7978217330552358
1.1520873981368076
1.7087714355237287
2.4778013870264135
3.5030871983942973
4.840689585701368
6.486729819203058
7.607263092160596
7.407125192796935
6.576583543243097
5.268552700539406
3.742255901889452
2.622836467498373
1.6533497649897468
0.9807917921451901
0.5384599677208968
0.24754641960251106
0.06517807756513207
-0.04086452337217205
-0.0961603727852646
-0.12106671836443798
-0.13085074857850076
-0.13554172712956541
-0.14047316895188833
-0.1355177206984762
-0.15318777548736529
-0.16260381871799628
-0.17366746420875456
-0.20244767063656152
-0.33891331481758813
-0.5017910903810554
-0.779462038148733
-1.1286832344220543
-1.6750725292706177
-2.4322194822042342
-3.443145426760148
-4.763145500607835
-6.411399809265938
-7.5922592098618065
-7.4540228600813645
-6.67792278380681
-5.391734326555635
-3.8886038332372324
-2.6342462407161644
-1.662074988758753
-0.9863821191913806
-0.5421906259156152
-0.24994854228670238
-0.06663244974461416
0.040061820979845605
0.09577141918892783
0.1209058693166828
0.1307863251673957
0.13549540929726267
0.14041212164189174
0.13599411447263454
0.15314589320171046
0.16258159199968444
0.17369088448351325
0.2025048862845339
0.34142033916322456
0.5056707146143453
0.7812779667345566
1.1319696320432113
1.679699920461401
2.4384846022375126
3.4513854963015413
4.773806615349253
6.421819190345507
