-0.009604508259608352
-0.02550043176592351
-0.05157281933282035
-0.09362873796150278
-0.19425539529264496
-0.4049650647204712
-0.7780925982418637
-1.3370819212957599
-2.027200124844486
-2.6989779766270052
-3.150121203404452
-3.137231613615536
-2.508926456842316
-1.4892669077354657
-0.7151628851712901
-0.2583965328173259
0.006734249075079024
0.13778197662549832
0.19108540398491353
0.22196419733726105
0.3213060359986173
0.4600461446451368
0.6907197257332097
1.1254357647131101
2.391602877073612
3.037374571419458
4.136001842482043
5.264980796723376
6.312201327050933
7.13867187563743
7.607525574126655
7.449891503788789
6.570499833439658
4.613257040887522
3.0721285689235724
1.8857040022861962
1.0483700126103326
0.485255708097496
0.14218989599902535
-0.037411278745198354
-0.11126048653103296
-0.13172196054918245
-0.13786350003571712
-0.16153079508520063
-0.24406784918449637
-0.3363829140456337
-0.49133136629878094
-0.7409916491948949
-1.2371032882603428
-2.5307421908137515
-3.2257790106934916
-4.341744167719452
-5.4664116421778415
-6.484363073416926
-7.255870981295561
-7.62943460336326
-7.364208205974925
-6.353470044449809
-4.548226655038462
-3.023288805752597
-1.8515729520686468
-1.0246919430930514
-0.4700780669344957
-0.1336254400526568
0.041365668252220225
0.11254699593010983
0.13195669714227104
0.1380830063153586
0.16437318553031208
0.2477850882036108
0.34278190351988413
0.5011235402988667
0.7583818208282646
1.2776770211137354
2.580606009713913
3.291010160998483
4.411897777681798
5.534029743496659
6.540979289491035
7.292618810347707
7.632907694906348
7.330039949363247
6.272231846291803
4.489697444435997
2.9757268808347312
1.8179780820105451
1.0014202673956882
0.4552069993597545
0.12526751584286847
-0.04520711272146065
-0.11379855451387866
-0.1322108152681745
-0.13835465936655425
-0.16793862622656316
-0.2522346400527331
-0.35055140053342243
-0.5130078021265029
-0.7796832255911739
-1.3291986515108172
-2.501592580289117
-3.218331151250797
-4.331164830398926
-5.456659257580954
-6.47704233477696
-7.252788018637034
-7.6334118451785
-7.376144476559062
-6.375225651016001
-4.56335769537012
-3.0354545377502626
-1.8602246027988376
-1.0306998616770893
-0.47393328317502037
-0.135812532332987
0.040336824577687905
0.11218460012125905
0.13185209177037518
0.13797120485947817
0.16348059520408614
0.2466331425507683
0.34079361791270013
0.49808012111655986
0.7529617839128763
1.264896369152276
2.564955223928348
3.2706456554753496
4.390054736446406
5.513033553866693
6.523464706837946
7.281353227826454
7.632047112001001
7.340954804703472
6.297942014937173
4.508897100576475
2.9913589505558167
1.8290285437936635
1.0090703506207168
0.4600897799877832
0.12800688428274923
-0.04395161700235112
-0.1133914329294841
-0.13212800962387586
-0.1382630846225537
-0.16667299626523455
-0.250681968686328
-0.3478273924673053
-0.5088418395819458
-0.7721916070604149
-1.3108331254138106
-2.541595624585394
-3.2570798757279866
-4.37415420306732
-5.498004746870395
-6.511424528903568
-7.274590750787951
-7.6340531698032335
-7.3528670319693505
-6.322220610378958
-4.526669574754209
-3.005753674615753
-1.8392364147444429
-1.016145712809565
-0.46461525687760996
-0.13055778137726443
0.04276867896406633
0.11299199245577093
0.1320287839399597
0.1381542165910336
0.16552966824057166
0.24925214970789616
0.34533457500597137
